-0.1168640000
0.3965180000
1.6558840000
0.3881960000
-0.6341620000
-0.0139979754
-0.0054338008
0.0078071013
-0.0256986485
0.0684226447
-0.0106412151
-0.1454986652
0.0206299598
0.0114221586
-0.0223244773
0.0066989988
0.0193229276
0.0037044082
0.0337716887
0.0246439967
-0.0050360950
0.0004798084
-0.0013922903
0.0356591627
0.0138622074
-0.0586284809
-0.0018871339
0.0152308613
-0.0118427765
-0.0183957875
-0.0076141534
0.0047408003
-0.0164304711
0.0090197395
0.0056141096
0.0035888502
-0.0326882846
-0.0252770351
0.0430522357
-0.0002748645
0.0333559106
-0.0238303193
0.0154862892
0.0284083401
-0.0285852785
0.0033917771
0.0132769605
0.0336860325
-0.0024667793
0.0020226036
0.0705062948
-0.0758585684
-0.0053385936
-0.0449941283
-0.0029417284
-0.0048315730
-0.0066936766
0.0017008854
0.0039058644
-0.0315061566
0.0786813150
-0.0095783379
-0.0018382792
0.0173355484
-0.0018766204
-0.0067064316
0.0029295416
0.0006103309
0.0334584939
-0.0002158100
0.0540980134
0.0056561172
-0.0082303869
-0.0024835194
0.0285122292
0.0473109715
-0.0185878336
-0.0069861997
-0.0190281530
0.0015012230
0.0196073125
0.0763163941
0.0160359862
0.0080346633
0.0039600103
0.0230717413
-0.0006386824
-0.0330728638
0.0499124878
0.0008789047
0.0133350686
-0.0051616161
0.0071503771
0.0458756022
-0.0679329032
0.0284259859
0.0128494539
0.0395830199
0.0086828757
1.0000000000
