-0.0160642065
-0.0029042301
0.0062532708
-0.0173458762
0.0976348050
-0.0076742629
-0.2187343315
0.0352167671
0.0120969881
-0.0198714358
0.0106388448
0.0098008512
0.0036640797
0.0530552711
0.0400473223
-0.0037993103
0.0002858714
-0.0008612343
0.0474495018
0.0293589058
-0.0978957910
-0.0017225997
0.0211806956
-0.0094898050
-0.0188301561
-0.0063101997
0.0046178962
-0.0155653477
0.0137814984
0.0049047116
0.0019754460
-0.0353193820
-0.0232138833
0.0681520365
-0.0032660764
0.0452713600
-0.0208417751
0.0305872663
0.0382900653
-0.0548435177
0.0028099417
0.0215063068
0.0349596404
-0.0019932128
0.0015838421
0.0989772497
-0.1324608788
-0.0058464584
-0.0563466644
-0.0017452533
0.0219014052
-0.0057959872
0.0011260218
0.0189047831
-0.0565840020
0.1019960233
-0.0064657953
-0.0002505261
0.0351412451
-0.0103620493
-0.0052128869
0.0035949588
0.0002076854
0.0294703910
0.0002617160
0.0909616557
0.0035105338
-0.0055889542
-0.0011861166
0.0419082546
0.0608596042
-0.0250949109
-0.0037368214
-0.0251428615
0.0008141382
0.0164196895
0.1110451165
0.0120709134
0.0163313281
0.0025279844
0.0165358953
-0.0009374891
-0.0450400913
0.0787640998
0.0001367196
0.0187600922
-0.0027425155
0.0050232791
0.0942488269
-0.1300371325
0.0301581708
0.0090959575
0.0582862562
0.0158010866
