-0.0280947782
-0.0100764142
0.0259806329
-0.0337489874
0.2529658615
-0.0316041104
-0.7781459264
0.0850511038
0.0312086587
-0.0534542624
0.0271497368
0.0387125590
0.0314459939
0.1316105624
0.0778558451
-0.0093892951
0.0018286137
-0.0058393421
0.0894800997
0.0748340543
-0.1898767938
-0.0087025502
0.0454334241
-0.0301796962
-0.1153213162
-0.0189078400
0.0237900710
-0.0514561808
0.0420710245
0.0183957762
0.0100694987
-0.1283133041
-0.0513697111
0.1574064083
-0.0131970728
0.1048884216
-0.0806322927
0.0614758748
0.1173482474
-0.1193204013
0.0133035841
0.0566290700
0.1048997957
-0.0128648876
0.0067811986
0.2571560697
-0.3032512362
-0.0210007040
-0.1784770037
-0.0108898787
0.0423571030
-0.0215582621
0.0049357109
0.0283666474
-0.1362704230
0.2219016863
-0.0222374280
-0.0009402514
0.0730174029
-0.0579269423
-0.0125669274
0.0200825537
0.0007487180
0.0710933110
0.0008581714
0.2127456913
0.0145767174
-0.0189871113
-0.0029129084
0.0830734177
0.1620262633
-0.0610918586
-0.0277856428
-0.0672349789
0.0041008871
0.0493304957
0.1911446422
0.0268046035
0.0423474385
0.0163169933
0.0920943672
-0.0033083603
-0.0998570592
0.1729868456
0.0006973813
0.0531424203
-0.0240723793
0.0296368276
0.2051272750
-0.2885532701
0.0915362638
0.0401908109
0.1504094349
0.0303016332
