-0.21980211
-0.34194595
-0.23949385
-0.11426507
0.03088168
-0.18674804
0.41987884
-0.03859917
-0.30394402
-0.25135267
-0.10942677
-0.42940035
-0.23470029
-0.08669580
0.10090306
-0.39608073
-0.46165913
-0.57135367
-0.15676059
-0.18906718
0.19877116
-0.56456774
-0.15869670
-0.26918393
0.27617142
-0.62524140
-0.45899725
-0.24571115
-0.14823331
-0.28753313
-0.53027225
-0.10650117
-0.64352536
0.14504416
0.41820511
-0.06954415
-0.32283425
0.07382562
-0.24108273
-0.05909469
-0.33088487
-0.10285776
-0.17296334
-0.45101073
-0.48571646
0.10090377
0.15260065
-0.29076678
0.04406068
-0.69606137
0.19403683
-0.21395934
-0.30970562
-0.16234520
-0.04912308
-0.08174549
-0.25288165
-0.26444989
0.11113699
-0.25881970
-0.16052145
-0.22037256
0.04061848
-0.17949687
-0.40962285
0.09903130
-0.46320277
-0.31923014
-0.07949651
-0.11958443
0.11061367
-0.10676412
-0.61804187
-0.28123623
-0.53942537
-0.15885460
-0.39989609
-0.14979321
-0.24783537
-0.42881104
-0.22080185
0.05178371
0.03115573
0.03605497
-0.51072323
-0.08397257
-0.71252882
-0.58521765
0.12671860
0.30456364
-0.07220635
-0.27414259
-0.01411825
0.05419041
