-0.14918537
-0.13844737
-0.04565612
-0.09030135
-0.02285463
-0.07078894
0.13725612
-0.06168069
-0.16336912
-0.19991256
-0.04729034
-0.27232891
-0.08011148
-0.00143020
-0.00416142
-0.17966530
-0.17455937
-0.32982984
-0.06996157
-0.12902920
0.07788720
-0.23411553
-0.09705169
-0.06179594
0.15245043
-0.31946388
-0.24338965
-0.09888186
-0.01767447
-0.20954691
-0.19115344
-0.10673496
-0.30311492
0.06169156
0.25237456
-0.06292331
-0.17471026
0.07876673
-0.14911853
-0.05220608
-0.23680012
-0.10960037
-0.04431191
-0.22126554
-0.28286526
0.10497013
0.04727168
-0.18686111
0.04666289
-0.33176503
0.06466050
-0.09256139
-0.13511971
-0.05322639
0.04118152
-0.05913162
-0.16562679
-0.19620065
0.09790742
-0.13123360
-0.05376254
-0.07723568
0.00701567
0.00190087
-0.25146541
-0.00405033
-0.26151076
-0.14007953
-0.00665360
0.00106733
0.02231079
-0.01206243
-0.28035104
-0.14063513
-0.23711808
-0.10290797
-0.20551826
-0.04086510
-0.09153034
-0.16730744
-0.11701403
0.05800569
0.01711851
0.04931495
-0.27928883
-0.07119920
-0.38605964
-0.24446340
0.03725948
0.16145118
-0.02263799
-0.14579500
-0.01011914
0.02339781
