-0.07061674
-0.20349859
-0.19383773
-0.02396372
0.05373632
-0.11595910
0.28262272
0.02308152
-0.14057490
-0.05144011
-0.06213643
-0.15707144
-0.15458880
-0.08526560
0.10506447
-0.21641545
-0.28709978
-0.24152380
-0.08679902
-0.06003799
0.12088396
-0.33045220
-0.06164500
-0.20738800
0.12372098
-0.30577755
-0.21560760
-0.14682928
-0.13055883
-0.07798622
-0.33911878
0.00023380
-0.34041041
0.08335260
0.16583055
-0.00662084
-0.14812399
-0.00494111
-0.09196420
-0.00688862
-0.09408475
0.00674260
-0.12865143
-0.22974519
-0.20285119
-0.00406636
0.10532896
-0.10390567
-0.00260221
-0.36429638
0.12937632
-0.12139795
-0.17458591
-0.10911882
-0.09030460
-0.02261388
-0.08725485
-0.06824924
0.01322957
-0.12758608
-0.10675890
-0.14313689
0.03360281
-0.18139774
-0.15815742
0.10308163
-0.20169203
-0.17915061
-0.07284291
-0.12065176
0.08830287
-0.09470169
-0.33769080
-0.14060111
-0.30230731
-0.05594664
-0.19437784
-0.10892810
-0.15630503
-0.26150361
-0.10378782
-0.00622198
0.01403722
-0.01325998
-0.23143440
-0.01277337
-0.32646918
-0.34075424
0.08945911
0.14311245
-0.04956836
-0.12834759
-0.00399911
0.03079260
