0.05361583,-0.03972586,0.01255916,0.11571842,-0.08515675
0.08543435,-0.11041336,0.16246141,-0.08457129,0.21816729
-0.26860079,0.04872534,-0.13978271,0.13993569,0.14646435
-0.11836001,0.06182439,-0.40148011,-0.00019401,0.02120886
0.12529612,-0.04700694,0.06747314,0.07529388,0.00159954
0.01022738,-0.03292549,-0.11848653,-0.05169064,0.13949911
-0.08567049,0.03458920,0.32353362,0.01942229,-0.43725345
0.02479262,0.00269890,0.03992083,-0.00507626,0.19420433
0.05094414,-0.04112487,-0.07816137,-0.01716814,0.18040219
0.00250123,-0.11319660,-0.15241681,0.01051247,0.19067079
0.03304618,-0.01868181,-0.14753915,0.05691260,0.30173302
-0.02559125,-0.02787193,-0.26622522,0.02441792,-0.02262024
-0.35415703,0.32395148,-0.03055022,0.19756214,-0.30023822
0.02995266,0.07329582,-0.05117411,-0.06775454,0.16137542
-0.11540209,0.05849198,-0.00604475,-0.09843700,0.06536748
-0.24921462,0.03570817,0.41774756,0.01244405,0.16117896
0.10033883,-0.02955273,-0.12331782,-0.03268135,0.12180592
0.06214553,-0.09280246,-0.14203733,-0.06634600,0.08820253
-0.10537824,0.02772877,0.10115729,-0.04872040,0.14491943
0.02695251,-0.03277864,-0.07256176,-0.08434355,0.21619368
-0.05087504,-0.10824274,-0.08360923,-0.11307803,0.14071149
0.02956184,0.01831416,-0.02525000,0.09306880,0.05799990
-0.03285903,0.00491287,-0.00652121,0.13022704,0.17648506
0.02420758,0.25369415,-0.06718083,0.13226832,-0.21806090
-0.00214021,0.15404798,-0.77990907,0.10859476,-0.18942229
0.06821227,0.00858146,-0.03491664,0.02909876,0.03907332
0.09259748,-0.27944404,-0.45571965,-0.28444177,0.17020771
0.15436515,0.03974033,-0.03865852,0.09576569,0.22600654
0.14890407,0.00743777,0.03628907,0.05217308,0.14300480
0.09035078,0.06982186,-0.06062550,-0.07014120,0.25210333
0.02575775,-0.02943772,0.02392375,0.08246976,0.12944247
-0.04717073,-0.09403156,-0.21050523,-0.11757556,-0.04803149
-0.06474888,-0.09846640,-0.11453928,0.07127944,0.07743635
0.04378060,0.02657650,0.00257580,-0.01503901,0.05213253
-0.01754957,0.33852693,0.62577927,0.23535147,-0.34520963
0.05469980,-0.14089668,-0.17034109,-0.12433115,0.03269450
0.14295241,-0.12009672,-0.15988702,0.01130821,0.15773855
0.01573807,-0.08557366,0.05641134,-0.05187343,0.12066077
0.11907182,-0.00784977,-0.02261849,0.04458151,0.19970411
0.02528144,0.01680420,0.06523456,0.00605493,0.12898229
0.02134905,0.11737639,-0.16661352,0.01006780,0.17583005
0.00661395,-0.01102645,-0.00102265,0.03098122,0.14320934
-0.04199925,-0.12481180,-0.09746602,-0.02678855,0.21171454
-0.00143741,0.03282207,-0.18036199,0.00003815,0.04389622
0.11038828,0.00264681,-0.14765878,-0.00749361,0.11556354
0.08865583,0.07539283,-0.13390508,0.06171114,0.20398425
0.10411429,-0.02943858,0.07048129,0.00374154,0.19861348
0.16614592,-0.01408169,0.19554694,-0.07819182,0.10315476
0.35851803,0.18597509,0.08009480,0.17803334,0.06118741
0.10660022,-0.03617679,0.04873414,0.00785771,0.09917267
-0.42169479,-0.04204224,0.09800082,0.06012428,-0.47570965
-0.10814074,-0.40797570,0.20966697,-0.39700073,0.02578436
-0.02694116,0.15834576,-0.06749848,0.18500026,-0.02795325
-0.20589566,-0.09876674,0.16691318,-0.02388024,-0.18337373
-0.03716096,0.00941592,0.04144512,-0.09717085,0.15091671
0.03214338,0.00528516,-0.01900745,-0.07908896,0.15351292
-0.13738067,-0.06443068,-0.13699147,0.04692263,0.35057735
0.03996944,-0.04013105,-0.01038238,-0.02365072,0.24020346
-0.08097731,-0.05971961,-0.14324059,-0.08773766,0.26230115
-0.60404694,0.26612344,-0.32841888,0.08558340,-0.37626272
0.38997516,-0.06705595,0.10807393,-0.14698096,0.37919262
-0.33314601,0.13227543,-0.31109786,0.13142942,-0.18186836
-0.23418756,-0.04764295,-0.05304137,-0.01831275,0.14171582
0.15185617,-0.18466318,-0.23294871,-0.05528297,-0.07539482
0.13621077,-0.02578726,0.09341544,-0.10489607,0.22787425
-0.06241775,0.05337036,-0.05301441,0.04960006,0.18264805
-0.01449323,0.01419506,-0.16829543,-0.00052040,0.10820727
0.28498155,-0.11427671,-0.12458669,-0.09190015,0.23906624
-0.18931495,-0.06309489,0.06661353,-0.03757770,-0.00835083
0.15545568,0.00178674,0.02043706,-0.05331604,0.11330572
0.12322737,-0.08631612,0.02634848,0.01821811,0.09852704
0.07220574,-0.10612842,-0.05292642,-0.09525523,0.01210550
0.05371124,0.13180877,-0.11921245,-0.07025038,0.10072412
-0.04765601,-0.09867942,-0.02958829,0.04576830,0.19604580
0.00589944,-0.02651849,0.03160496,-0.02246099,0.16682419
0.11068287,0.00840112,-0.16215539,0.06329709,0.07949703
0.30852380,0.11748376,0.41489077,0.20870329,0.13846993
0.02766779,-0.12505712,0.15888052,-0.17517537,0.05232742
-0.06894348,0.04609539,0.02931254,-0.09675121,0.02182534
0.05488116,0.10937599,-0.07349760,-0.09337375,-0.06891745
-0.19169632,-0.11320587,-0.40944612,-0.11651859,-0.04241530
0.24764699,-0.11057272,0.51588279,-0.18105453,-0.03034033
0.06129464,-0.05368927,0.08407781,0.04951105,0.18772501
0.03813333,-0.09408595,0.03436594,0.00805444,0.16204745
0.01501406,0.07799190,0.09951308,-0.00585882,0.06200774
0.09761094,0.08482402,-0.08203094,0.07060831,0.14537428
0.10036355,-0.13663878,-0.12730969,-0.06745760,-0.07552778
-0.03623404,0.10725675,-0.05874101,0.12107717,0.07191683
0.08702695,0.06771744,0.02808432,-0.09668771,0.19457313
0.04346348,-0.02749513,0.01135131,-0.04468872,0.22889829
0.04667108,0.03989720,-0.13271794,0.01996798,0.10270002
-0.24535671,-0.11396369,-0.27707851,0.02541370,-0.03957545
-0.05514814,-0.02949277,-0.07994246,0.09259232,0.16131487
0.07934453,0.00955377,0.27746359,0.09783002,-0.04381986
