-0.41843602
-0.72123337
-0.64446300
0.14666912
0.02942680
-0.46108377
0.00264409
0.05991229
-0.12818801
-0.37678298
-0.26678368
-0.39155459
-1.00034046
-0.09479853
-0.05358519
-0.50814188
-1.08457816
-1.08703804
0.11724432
-0.08130841
0.05903008
-1.14555514
-0.15996458
-0.59025288
-0.24701689
-0.64670187
-0.89557612
-0.28229117
-0.14467053
-0.80379629
-0.75363231
-0.08037789
-0.45218810
0.10409929
-1.15967083
-0.06877788
-0.36385638
0.08805223
-0.13485911
0.11068008
-0.52949846
-0.06593167
-0.28338733
-1.21413565
-0.66058505
0.01028166
0.12035486
-0.68413115
-0.27130595
-1.21814823
-0.06452527
-0.52076238
-1.24801087
0.15160936
0.21228515
0.03131987
-0.38359827
-0.75224441
0.01594340
-0.79994315
-0.57530284
-0.76699531
-0.49711868
-0.29180330
-0.74083054
0.15798573
-0.90205705
-0.79892355
-0.14691505
-0.15367757
0.08148867
-0.04909325
-0.99611545
-0.09539656
-1.12354159
-0.48116335
-0.36154783
-0.34504437
-0.09444137
-1.26492381
-0.50834423
-1.07192779
-0.13059378
-0.05003690
-1.22872496
-0.13253075
-0.99270535
-1.06180573
0.19742247
0.15787798
-0.40232220
-0.43496972
-0.14937124
0.70431352
-0.21980211
-0.34194595
-0.23949385
-0.11426507
0.03088168
-0.18674804
0.41987884
-0.03859917
-0.30394402
-0.25135267
-0.10942677
-0.42940035
-0.23470029
-0.08669580
0.10090306
-0.39608073
-0.46165913
-0.57135367
-0.15676059
-0.18906718
0.19877116
-0.56456774
-0.15869670
-0.26918393
0.27617142
-0.62524140
-0.45899725
-0.24571115
-0.14823331
-0.28753313
-0.53027225
-0.10650117
-0.64352536
0.14504416
0.41820511
-0.06954415
-0.32283425
0.07382562
-0.24108273
-0.05909469
-0.33088487
-0.10285776
-0.17296334
-0.45101073
-0.48571646
0.10090377
0.15260065
-0.29076678
0.04406068
-0.69606137
0.19403683
-0.21395934
-0.30970562
-0.16234520
-0.04912308
-0.08174549
-0.25288165
-0.26444989
0.11113699
-0.25881970
-0.16052145
-0.22037256
0.04061848
-0.17949687
-0.40962285
0.09903130
-0.46320277
-0.31923014
-0.07949651
-0.11958443
0.11061367
-0.10676412
-0.61804187
-0.28123623
-0.53942537
-0.15885460
-0.39989609
-0.14979321
-0.24783537
-0.42881104
-0.22080185
0.05178371
0.03115573
0.03605497
-0.51072323
-0.08397257
-0.71252882
-0.58521765
0.12671860
0.30456364
-0.07220635
-0.27414259
-0.01411825
0.05419041
-0.06659807
0.10118349
0.09145164
-0.19712381
0.28952351
-0.18317381
-0.20418034
0.27710426
0.13189782
-0.11724928
0.15823975
0.19756494
0.07326598
0.21683291
0.27826735
-0.09579489
0.05761592
-0.08271345
0.37212989
0.17294841
-0.39425075
-0.03005218
0.18959139
-0.19048513
-0.07332891
-0.08415582
0.01218957
-0.17483631
0.11351225
0.14992593
0.17032181
-0.19050558
0.06526735
0.27219468
0.03030604
0.22882253
-0.14913377
0.36741340
0.11532184
-0.27622372
0.07944786
0.22542959
0.18823183
-0.03273790
0.09153496
0.37369600
-0.41739559
-0.10963919
-0.12603538
-0.00632391
0.10076776
-0.14481357
0.03674974
-0.20164853
-0.24616084
0.30106467
0.13400057
0.02331854
0.19743761
-0.03124089
-0.14775664
-0.08240221
0.02167885
0.15047987
-0.07605723
0.32831022
0.09054466
-0.13549659
0.23241463
-0.11410286
0.30552363
-0.21167676
-0.08106832
-0.17657550
0.06827710
0.16160277
-0.14960378
0.18530333
0.15752675
0.05108004
0.15667680
0.03565216
-0.28282243
0.33339375
0.02247098
0.18096498
-0.05569306
0.13629831
0.29833701
-0.41987264
0.09101246
0.18438284
0.31290367
0.21528788
0.06324857
-0.54922056
-0.74530256
0.16679263
-0.09076438
-0.59567052
-0.24985121
-0.05683693
-0.14725304
-0.24485484
-0.39579421
-0.43985474
-0.86255431
-0.04295746
0.14304107
-0.47030541
-1.14574003
-1.06169450
0.05875875
0.03131282
0.09082053
-1.11238647
-0.15861151
-0.58096957
-0.69597220
-0.67105472
-0.64102769
-0.26820502
-0.33952415
-0.46776962
-0.84999794
-0.31480026
-0.60871553
-0.05483641
-0.70120418
-0.04110298
-0.36366296
-0.08331642
-0.15193608
-0.05168752
-0.65172172
-0.13309820
-0.15863316
-1.26435542
-0.78491116
-0.07076713
0.07026150
-0.50568831
-0.49971414
-1.27908111
-0.06942659
-0.69127899
-1.05915570
0.29000992
0.09582495
-0.00876741
-0.42106870
-0.64986491
0.17484707
-0.78593600
-0.31090438
-0.82024038
-0.50293350
-0.31589234
-0.57598996
0.06201458
-0.85697424
-0.69122052
-0.25053424
0.00576135
-0.10058115
-0.22196043
-0.95294344
-0.11271356
-0.91445577
-0.29340100
-0.45224351
-0.23396422
-0.07180587
-1.03897393
-0.40556240
-0.89186966
0.03155065
0.07321075
-1.18609774
-0.23231673
-1.00288844
-0.93903673
0.11905098
0.12785937
-0.17089173
-0.28269207
-0.12376276
0.50054705
