Address    Float           Fixed(Hex)   Fixed(Dec)   Reconstructed   Error       
==========================================================================================
0          0.41163981      0069         105          0.41015625      1.48356000e-03
1          -0.04233827     FFF5         65525        -0.04296875     6.30480000e-04
2          0.15925972      0029         41           0.16015625      8.96530000e-04
3          -0.04232338     FFF5         65525        -0.04296875     6.45370000e-04
4          0.46040803      0076         118          0.46093750      5.29470000e-04
5          -0.21536376     FFC9         65481        -0.21484375     5.20010000e-04
6          0.14009801      0024         36           0.14062500      5.26990000e-04
7          0.20977688      0036         54           0.21093750      1.16062000e-03
8          -0.27527791     FFBA         65466        -0.27343750     1.84041000e-03
9          0.10638025      001B         27           0.10546875      9.11500000e-04
100        -0.00828945     FFFE         65534        -0.00781250     4.76950000e-04
101        0.15591006      0028         40           0.15625000      3.39940000e-04
102        0.19979033      0033         51           0.19921875      5.71580000e-04
103        0.15141982      0027         39           0.15234375      9.23930000e-04
104        0.02745700      0007         7            0.02734375      1.13250000e-04
105        0.02578093      0007         7            0.02734375      1.56282000e-03
106        -0.06377535     FFF0         65520        -0.06250000     1.27535000e-03
107        -0.08321488     FFEB         65515        -0.08203125     1.18363000e-03
108        -0.06519119     FFEF         65519        -0.06640625     1.21506000e-03
109        -0.27002111     FFBB         65467        -0.26953125     4.89860000e-04
200        0.05222312      000D         13           0.05078125      1.44187000e-03
201        0.03309497      0008         8            0.03125000      1.84497000e-03
202        -0.06953301     FFEE         65518        -0.07031250     7.79490000e-04
203        0.11184406      001D         29           0.11328125      1.43719000e-03
204        0.16632545      002B         43           0.16796875      1.64330000e-03
205        0.03013082      0008         8            0.03125000      1.11918000e-03
206        -0.01288604     FFFD         65533        -0.01171875     1.16729000e-03
207        0.02773432      0007         7            0.02734375      3.90570000e-04
208        -0.05389094     FFF2         65522        -0.05468750     7.96560000e-04
209        -0.14374810     FFDB         65499        -0.14453125     7.83150000e-04
300        0.13894133      0024         36           0.14062500      1.68367000e-03
301        -0.08968645     FFE9         65513        -0.08984375     1.57300000e-04
302        -0.09587051     FFE7         65511        -0.09765625     1.78574000e-03
303        -0.05800923     FFF1         65521        -0.05859375     5.84520000e-04
304        0.15219636      0027         39           0.15234375      1.47390000e-04
305        0.20943063      0036         54           0.21093750      1.50687000e-03
306        0.04110206      000B         11           0.04296875      1.86669000e-03
307        0.09178770      0017         23           0.08984375      1.94395000e-03
308        0.04240355      000B         11           0.04296875      5.65200000e-04
309        0.14298397      0025         37           0.14453125      1.54728000e-03
400        0.15302800      0027         39           0.15234375      6.84250000e-04
401        -0.05603667     FFF2         65522        -0.05468750     1.34917000e-03
402        -0.13377550     FFDE         65502        -0.13281250     9.63000000e-04
403        0.02288952      0006         6            0.02343750      5.47980000e-04
404        0.21357152      0037         55           0.21484375      1.27223000e-03
405        0.12188463      001F         31           0.12109375      7.90880000e-04
406        -0.03506493     FFF7         65527        -0.03515625     9.13200000e-05
407        -0.17504685     FFD3         65491        -0.17578125     7.34400000e-04
408        -0.00667103     FFFE         65534        -0.00781250     1.14147000e-03
409        -0.08049129     FFEB         65515        -0.08203125     1.53996000e-03
500        0.08065616      0015         21           0.08203125      1.37509000e-03
501        -0.11425034     FFE3         65507        -0.11328125     9.69090000e-04
502        -0.14242893     FFDC         65500        -0.14062500     1.80393000e-03
503        0.03652520      0009         9            0.03515625      1.36895000e-03
504        0.10539577      001B         27           0.10546875      7.29800000e-05
505        -0.00818248     FFFE         65534        -0.00781250     3.69980000e-04
506        -0.01068578     FFFD         65533        -0.01171875     1.03297000e-03
507        0.05417033      000E         14           0.05468750      5.17170000e-04
508        -0.11008125     FFE4         65508        -0.10937500     7.06250000e-04
509        -0.28598318     FFB7         65463        -0.28515625     8.26930000e-04
600        0.03104722      0008         8            0.03125000      2.02780000e-04
601        -0.04984307     FFF3         65523        -0.05078125     9.38180000e-04
602        0.20658435      0035         53           0.20703125      4.46900000e-04
603        0.01800943      0005         5            0.01953125      1.52182000e-03
604        -0.40711644     FF98         65432        -0.40625000     8.66440000e-04
605        -0.07724502     FFEC         65516        -0.07812500     8.79980000e-04
606        -0.09865172     FFE7         65511        -0.09765625     9.95470000e-04
607        0.16044226      0029         41           0.16015625      2.86010000e-04
608        0.04351323      000B         11           0.04296875      5.44480000e-04
609        0.09314925      0018         24           0.09375000      6.00750000e-04
700        -0.04368160     FFF5         65525        -0.04296875     7.12850000e-04
701        -0.05190703     FFF3         65523        -0.05078125     1.12578000e-03
702        -0.11866738     FFE2         65506        -0.11718750     1.47988000e-03
703        -0.11623394     FFE2         65506        -0.11718750     9.53560000e-04
704        -0.01362240     FFFD         65533        -0.01171875     1.90365000e-03
705        0.05233927      000D         13           0.05078125      1.55802000e-03
706        -0.17362419     FFD4         65492        -0.17187500     1.74919000e-03
707        -0.18091002     FFD2         65490        -0.17968750     1.22252000e-03
708        -0.00258303     FFFF         65535        -0.00390625     1.32322000e-03
709        -0.12087411     FFE1         65505        -0.12109375     2.19640000e-04
800        0.19264935      0031         49           0.19140625      1.24310000e-03
801        -0.02401063     FFFA         65530        -0.02343750     5.73130000e-04
802        -0.00215609     FFFF         65535        -0.00390625     1.75016000e-03
803        0.02334543      0006         6            0.02343750      9.20700000e-05
804        0.13532560      0023         35           0.13671875      1.39315000e-03
805        -0.00389394     FFFF         65535        -0.00390625     1.23100000e-05
806        0.08708428      0016         22           0.08593750      1.14678000e-03
807        0.03310119      0008         8            0.03125000      1.85119000e-03
808        0.10030866      001A         26           0.10156250      1.25384000e-03
809        -0.03748567     FFF6         65526        -0.03906250     1.57683000e-03
900        0.12237598      001F         31           0.12109375      1.28223000e-03
901        -0.08462568     FFEA         65514        -0.08593750     1.31182000e-03
902        -0.12557018     FFE0         65504        -0.12500000     5.70180000e-04
903        -0.03206656     FFF8         65528        -0.03125000     8.16560000e-04
904        0.23064008      003B         59           0.23046875      1.71330000e-04
905        -0.01145304     FFFD         65533        -0.01171875     2.65710000e-04
906        0.03944711      000A         10           0.03906250      3.84610000e-04
907        0.02558134      0007         7            0.02734375      1.76241000e-03
908        -0.02335707     FFFA         65530        -0.02343750     8.04300000e-05
909        -0.19510189     FFCE         65486        -0.19531250     2.10610000e-04
1000       0.04524735      000C         12           0.04687500      1.62765000e-03
1001       0.00860138      0002         2            0.00781250      7.88880000e-04
1002       0.02628366      0007         7            0.02734375      1.06009000e-03
1003       -0.00237940     FFFF         65535        -0.00390625     1.52685000e-03
1004       0.16427238      002A         42           0.16406250      2.09880000e-04
1005       0.02564976      0007         7            0.02734375      1.69399000e-03
1006       0.08218248      0015         21           0.08203125      1.51230000e-04
1007       0.04137135      000B         11           0.04296875      1.59740000e-03
1008       -0.07036798     FFEE         65518        -0.07031250     5.54800000e-05
1009       -0.22117247     FFC7         65479        -0.22265625     1.48378000e-03
1100       0.14977068      0026         38           0.14843750      1.33318000e-03
1101       0.04574159      000C         12           0.04687500      1.13341000e-03
1102       -0.05604334     FFF2         65522        -0.05468750     1.35584000e-03
1103       0.00767311      0002         2            0.00781250      1.39390000e-04
1104       0.10980036      001C         28           0.10937500      4.25360000e-04
1105       0.11475955      001D         29           0.11328125      1.47830000e-03
1106       -0.21401829     FFC9         65481        -0.21484375     8.25460000e-04
1107       -0.12029668     FFE1         65505        -0.12109375     7.97070000e-04
1108       0.12821232      0021         33           0.12890625      6.93930000e-04
1109       -0.18109721     FFD2         65490        -0.17968750     1.40971000e-03
1200       -0.18500863     FFD1         65489        -0.18359375     1.41488000e-03
1201       0.29075399      004A         74           0.28906250      1.69149000e-03
1202       -0.16654763     FFD5         65493        -0.16796875     1.42112000e-03
1203       0.32048562      0052         82           0.32031250      1.73120000e-04
1204       0.07011218      0012         18           0.07031250      2.00320000e-04
1205       -0.04063350     FFF6         65526        -0.03906250     1.57100000e-03
1206       -0.18919274     FFD0         65488        -0.18750000     1.69274000e-03
1207       -0.09924025     FFE7         65511        -0.09765625     1.58400000e-03
1208       -0.06507498     FFEF         65519        -0.06640625     1.33127000e-03
1209       -0.41326806     FF96         65430        -0.41406250     7.94440000e-04
1300       0.05548077      000E         14           0.05468750      7.93270000e-04
1301       -0.05301346     FFF2         65522        -0.05468750     1.67404000e-03
1302       -0.12003373     FFE1         65505        -0.12109375     1.06002000e-03
1303       0.02862478      0007         7            0.02734375      1.28103000e-03
1304       0.25436637      0041         65           0.25390625      4.60120000e-04
1305       0.08107160      0015         21           0.08203125      9.59650000e-04
1306       -0.00023201     0000         0            0.00000000      2.32010000e-04
1307       -0.11669962     FFE2         65506        -0.11718750     4.87880000e-04
1308       0.05895380      000F         15           0.05859375      3.60050000e-04
1309       -0.05945273     FFF1         65521        -0.05859375     8.58980000e-04
1400       -0.04198626     FFF5         65525        -0.04296875     9.82490000e-04
1401       0.09531565      0018         24           0.09375000      1.56565000e-03
1402       0.02740388      0007         7            0.02734375      6.01300000e-05
1403       0.01575837      0004         4            0.01562500      1.33370000e-04
1404       0.24757951      003F         63           0.24609375      1.48576000e-03
1405       0.13624138      0023         35           0.13671875      4.77370000e-04
1406       -0.05797392     FFF1         65521        -0.05859375     6.19830000e-04
1407       -0.02659411     FFF9         65529        -0.02734375     7.49640000e-04
1408       0.07684442      0014         20           0.07812500      1.28058000e-03
1409       0.01287186      0003         3            0.01171875      1.15311000e-03
1500       0.16534191      002A         42           0.16406250      1.27941000e-03
1501       0.19139174      0031         49           0.19140625      1.45100000e-05
1502       0.17059758      002C         44           0.17187500      1.27742000e-03
1503       0.00807036      0002         2            0.00781250      2.57860000e-04
1504       0.31186482      0050         80           0.31250000      6.35180000e-04
1505       0.04643434      000C         12           0.04687500      4.40660000e-04
1506       -0.08921096     FFE9         65513        -0.08984375     6.32790000e-04
1507       0.12530273      0020         32           0.12500000      3.02730000e-04
1508       -0.01091492     FFFD         65533        -0.01171875     8.03830000e-04
1509       -0.12107403     FFE1         65505        -0.12109375     1.97200000e-05
1600       0.17258877      002C         44           0.17187500      7.13770000e-04
1601       0.04791195      000C         12           0.04687500      1.03695000e-03
1602       -0.15646996     FFD8         65496        -0.15625000     2.19960000e-04
1603       0.06947032      0012         18           0.07031250      8.42180000e-04
1604       0.20518334      0035         53           0.20703125      1.84791000e-03
1605       -0.09919377     FFE7         65511        -0.09765625     1.53752000e-03
1606       -0.14083225     FFDC         65500        -0.14062500     2.07250000e-04
1607       0.01535239      0004         4            0.01562500      2.72610000e-04
1608       -0.04125050     FFF5         65525        -0.04296875     1.71825000e-03
1609       -0.25201684     FFBF         65471        -0.25390625     1.88941000e-03
1700       0.20608483      0035         53           0.20703125      9.46420000e-04
1701       0.05293098      000E         14           0.05468750      1.75652000e-03
1702       -0.24343644     FFC2         65474        -0.24218750     1.24894000e-03
1703       -0.01617012     FFFC         65532        -0.01562500     5.45120000e-04
1704       0.22024888      0038         56           0.21875000      1.49888000e-03
1705       0.19785430      0033         51           0.19921875      1.36445000e-03
1706       0.03328384      0009         9            0.03515625      1.87241000e-03
1707       -0.06527659     FFEF         65519        -0.06640625     1.12966000e-03
1708       0.22280137      0039         57           0.22265625      1.45120000e-04
1709       -0.21577029     FFC9         65481        -0.21484375     9.26540000e-04
1800       0.01143420      0003         3            0.01171875      2.84550000e-04
1801       -0.02192510     FFFA         65530        -0.02343750     1.51240000e-03
1802       0.10806864      001C         28           0.10937500      1.30636000e-03
1803       0.03846525      000A         10           0.03906250      5.97250000e-04
1804       0.19247536      0031         49           0.19140625      1.06911000e-03
1805       -0.00011019     0000         0            0.00000000      1.10190000e-04
1806       -0.04747614     FFF4         65524        -0.04687500     6.01140000e-04
1807       -0.00079467     0000         0            0.00000000      7.94670000e-04
1808       -0.03187109     FFF8         65528        -0.03125000     6.21090000e-04
1809       -0.06267480     FFF0         65520        -0.06250000     1.74800000e-04
1900       0.21332735      0037         55           0.21484375      1.51640000e-03
1901       0.00297564      0001         1            0.00390625      9.30610000e-04
1902       -0.02854714     FFF9         65529        -0.02734375     1.20339000e-03
1903       0.08299583      0015         21           0.08203125      9.64580000e-04
1904       0.49308327      007E         126          0.49218750      8.95770000e-04
1905       0.07829870      0014         20           0.07812500      1.73700000e-04
1906       -0.05150757     FFF3         65523        -0.05078125     7.26320000e-04
1907       0.09843802      0019         25           0.09765625      7.81770000e-04
1908       0.01030963      0003         3            0.01171875      1.40912000e-03
1909       0.00000146      0000         0            0.00000000      1.46000000e-06
2000       0.10220440      001A         26           0.10156250      6.41900000e-04
2001       -0.00758073     FFFE         65534        -0.00781250     2.31770000e-04
2002       0.04289849      000B         11           0.04296875      7.02600000e-05
2003       0.03752289      000A         10           0.03906250      1.53961000e-03
2004       0.21840276      0038         56           0.21875000      3.47240000e-04
2005       0.11304849      001D         29           0.11328125      2.32760000e-04
2006       -0.13190907     FFDE         65502        -0.13281250     9.03430000e-04
2007       -0.04280031     FFF5         65525        -0.04296875     1.68440000e-04
2008       -0.03567537     FFF7         65527        -0.03515625     5.19120000e-04
2009       0.06619016      0011         17           0.06640625      2.16090000e-04
2100       0.00800523      0002         2            0.00781250      1.92730000e-04
2101       0.04080158      000A         10           0.03906250      1.73908000e-03
2102       -0.00536385     FFFF         65535        -0.00390625     1.45760000e-03
2103       -0.10858087     FFE4         65508        -0.10937500     7.94130000e-04
2104       0.19485058      0032         50           0.19531250      4.61920000e-04
2105       0.06741457      0011         17           0.06640625      1.00832000e-03
2106       -0.07886255     FFEC         65516        -0.07812500     7.37550000e-04
2107       -0.07607419     FFED         65517        -0.07421875     1.85544000e-03
2108       -0.05462655     FFF2         65522        -0.05468750     6.09500000e-05
2109       -0.06198751     FFF0         65520        -0.06250000     5.12490000e-04
2200       0.04859748      000C         12           0.04687500      1.72248000e-03
2201       0.01906172      0005         5            0.01953125      4.69530000e-04
2202       0.00609619      0002         2            0.00781250      1.71631000e-03
2203       0.05356304      000E         14           0.05468750      1.12446000e-03
2204       0.20207246      0034         52           0.20312500      1.05254000e-03
2205       -0.07730699     FFEC         65516        -0.07812500     8.18010000e-04
2206       -0.10947423     FFE4         65508        -0.10937500     9.92300000e-05
2207       -0.01198589     FFFD         65533        -0.01171875     2.67140000e-04
2208       -0.02047757     FFFB         65531        -0.01953125     9.46320000e-04
2209       -0.13337870     FFDE         65502        -0.13281250     5.66200000e-04
2300       0.25647098      0042         66           0.25781250      1.34152000e-03
2301       0.20782828      0035         53           0.20703125      7.97030000e-04
2302       -0.37700564     FF9F         65439        -0.37890625     1.90061000e-03
2303       0.13970922      0024         36           0.14062500      9.15780000e-04
2304       0.09012071      0017         23           0.08984375      2.76960000e-04
2305       0.12610388      0020         32           0.12500000      1.10388000e-03
2306       0.07217216      0012         18           0.07031250      1.85966000e-03
2307       -0.16934116     FFD5         65493        -0.16796875     1.37241000e-03
2308       0.07076004      0012         18           0.07031250      4.47540000e-04
2309       -0.06612834     FFEF         65519        -0.06640625     2.77910000e-04
2400       0.19411255      0032         50           0.19531250      1.19995000e-03
2401       0.17364724      002C         44           0.17187500      1.77224000e-03
2402       -0.73523706     FF44         65348        -0.73437500     8.62060000e-04
2403       0.03903086      000A         10           0.03906250      3.16400000e-05
2404       0.01731922      0004         4            0.01562500      1.69422000e-03
2405       0.36050981      005C         92           0.35937500      1.13481000e-03
2406       0.04602502      000C         12           0.04687500      8.49980000e-04
2407       -0.27920759     FFB9         65465        -0.27734375     1.86384000e-03
2408       0.27589285      0047         71           0.27734375      1.45090000e-03
2409       -0.12160767     FFE1         65505        -0.12109375     5.13920000e-04
2500       0.06655420      0011         17           0.06640625      1.47950000e-04
2501       -0.08723160     FFEA         65514        -0.08593750     1.29410000e-03
2502       -0.11882716     FFE2         65506        -0.11718750     1.63966000e-03
2503       -0.27185714     FFBA         65466        -0.27343750     1.58036000e-03
2504       0.20075516      0033         51           0.19921875      1.53641000e-03
2505       0.11684861      001E         30           0.11718750      3.38890000e-04
2506       -0.02907494     FFF9         65529        -0.02734375     1.73119000e-03
2507       -0.06980109     FFEE         65518        -0.07031250     5.11410000e-04
2508       0.15215838      0027         39           0.15234375      1.85370000e-04
2509       -0.31426156     FFB0         65456        -0.31250000     1.76156000e-03
2600       0.40925801      0069         105          0.41015625      8.98240000e-04
2601       0.16066384      0029         41           0.16015625      5.07590000e-04
2602       -0.23247430     FFC4         65476        -0.23437500     1.90070000e-03
2603       0.12559798      0020         32           0.12500000      5.97980000e-04
2604       0.23676205      003D         61           0.23828125      1.51920000e-03
2605       0.18249618      002F         47           0.18359375      1.09757000e-03
2606       0.10627664      001B         27           0.10546875      8.07890000e-04
2607       -0.10096484     FFE6         65510        -0.10156250     5.97660000e-04
2608       -0.05599573     FFF2         65522        -0.05468750     1.30823000e-03
2609       -0.30590519     FFB2         65458        -0.30468750     1.21769000e-03
2700       0.16124333      0029         41           0.16015625      1.08708000e-03
2701       -0.08905926     FFE9         65513        -0.08984375     7.84490000e-04
2702       -0.10348989     FFE6         65510        -0.10156250     1.92739000e-03
2703       -0.10064534     FFE6         65510        -0.10156250     9.17160000e-04
2704       0.03673765      0009         9            0.03515625      1.58140000e-03
2705       0.01930618      0005         5            0.01953125      2.25070000e-04
2706       -0.22516878     FFC6         65478        -0.22656250     1.39372000e-03
2707       -0.03740770     FFF6         65526        -0.03906250     1.65480000e-03
2708       -0.14025451     FFDC         65500        -0.14062500     3.70490000e-04
2709       -0.23330612     FFC4         65476        -0.23437500     1.06888000e-03
2800       0.18974987      0031         49           0.19140625      1.65638000e-03
2801       -0.09223545     FFE8         65512        -0.09375000     1.51455000e-03
2802       0.16454993      002A         42           0.16406250      4.87430000e-04
2803       0.05539089      000E         14           0.05468750      7.03390000e-04
2804       0.25423649      0041         65           0.25390625      3.30240000e-04
2805       0.05737750      000F         15           0.05859375      1.21625000e-03
2806       -0.14375351     FFDB         65499        -0.14453125     7.77740000e-04
2807       -0.13966219     FFDC         65500        -0.14062500     9.62810000e-04
2808       -0.09117293     FFE9         65513        -0.08984375     1.32918000e-03
2809       -0.20275524     FFCC         65484        -0.20312500     3.69760000e-04
2900       0.15383215      0027         39           0.15234375      1.48840000e-03
2901       -0.07082748     FFEE         65518        -0.07031250     5.14980000e-04
2902       -0.03935921     FFF6         65526        -0.03906250     2.96710000e-04
2903       0.02886596      0007         7            0.02734375      1.52221000e-03
2904       0.24615890      003F         63           0.24609375      6.51500000e-05
2905       -0.04143378     FFF5         65525        -0.04296875     1.53497000e-03
2906       -0.11064939     FFE4         65508        -0.10937500     1.27439000e-03
2907       0.00386854      0001         1            0.00390625      3.77100000e-05
2908       -0.14250217     FFDC         65500        -0.14062500     1.87717000e-03
2909       -0.31263995     FFB0         65456        -0.31250000     1.39950000e-04
3000       0.21721162      0038         56           0.21875000      1.53838000e-03
3001       -0.06455372     FFEF         65519        -0.06640625     1.85253000e-03
3002       -0.07902879     FFEC         65516        -0.07812500     9.03790000e-04
3003       -0.07101157     FFEE         65518        -0.07031250     6.99070000e-04
3004       0.08971363      0017         23           0.08984375      1.30120000e-04
3005       0.09034754      0017         23           0.08984375      5.03790000e-04
3006       -0.07378675     FFED         65517        -0.07421875     4.32000000e-04
3007       -0.03934423     FFF6         65526        -0.03906250     2.81730000e-04
3008       0.11172423      001D         29           0.11328125      1.55702000e-03
3009       -0.16093740     FFD7         65495        -0.16015625     7.81150000e-04
3100       0.10415624      001B         27           0.10546875      1.31251000e-03
3101       -0.10851976     FFE4         65508        -0.10937500     8.55240000e-04
3102       -0.23134908     FFC5         65477        -0.23046875     8.80330000e-04
3103       0.04749964      000C         12           0.04687500      6.24640000e-04
3104       0.13077602      0021         33           0.12890625      1.86977000e-03
3105       0.16686496      002B         43           0.16796875      1.10379000e-03
3106       0.00561395      0001         1            0.00390625      1.70770000e-03
3107       -0.12908119     FFDF         65503        -0.12890625     1.74940000e-04
3108       0.11563944      001E         30           0.11718750      1.54806000e-03
3109       -0.16479880     FFD6         65494        -0.16406250     7.36300000e-04
3200       0.22749886      003A         58           0.22656250      9.36360000e-04
3201       0.12658778      0020         32           0.12500000      1.58778000e-03
3202       0.09985029      001A         26           0.10156250      1.71221000e-03
3203       -0.06781112     FFEF         65519        -0.06640625     1.40487000e-03
3204       0.24934542      0040         64           0.25000000      6.54580000e-04
3205       -0.20024043     FFCD         65485        -0.19921875     1.02168000e-03
3206       0.06157063      0010         16           0.06250000      9.29370000e-04
3207       0.17815286      002E         46           0.17968750      1.53464000e-03
3208       -0.31650984     FFAF         65455        -0.31640625     1.03590000e-04
3209       0.04460150      000B         11           0.04296875      1.63275000e-03
3300       0.17000583      002C         44           0.17187500      1.86917000e-03
3301       -0.04303005     FFF5         65525        -0.04296875     6.13000000e-05
3302       -0.05480185     FFF2         65522        -0.05468750     1.14350000e-04
3303       -0.03817067     FFF6         65526        -0.03906250     8.91830000e-04
3304       0.20929857      0036         54           0.21093750      1.63893000e-03
3305       0.08487406      0016         22           0.08593750      1.06344000e-03
3306       0.04456639      000B         11           0.04296875      1.59764000e-03
3307       0.09818880      0019         25           0.09765625      5.32550000e-04
3308       -0.10539530     FFE5         65509        -0.10546875     7.34500000e-05
3309       -0.03934208     FFF6         65526        -0.03906250     2.79580000e-04
3400       0.46843341      0078         120          0.46875000      3.16590000e-04
3401       0.53456801      0089         137          0.53515625      5.88240000e-04
3402       -0.51290649     FF7D         65405        -0.51171875     1.18774000e-03
3403       0.58407223      0096         150          0.58593750      1.86527000e-03
3404       0.24820285      0040         64           0.25000000      1.79715000e-03
3405       -0.06479425     FFEF         65519        -0.06640625     1.61200000e-03
3406       0.05543607      000E         14           0.05468750      7.48570000e-04
3407       -0.05236948     FFF3         65523        -0.05078125     1.58823000e-03
3408       -0.13455227     FFDE         65502        -0.13281250     1.73977000e-03
3409       -0.41545278     FF96         65430        -0.41406250     1.39028000e-03
3500       0.14436160      0025         37           0.14453125      1.69650000e-04
3501       0.04035643      000A         10           0.03906250      1.29393000e-03
3502       -0.13498139     FFDD         65501        -0.13671875     1.73736000e-03
3503       0.14750330      0026         38           0.14843750      9.34200000e-04
3504       0.12510987      0020         32           0.12500000      1.09870000e-04
3505       0.15145513      0027         39           0.15234375      8.88620000e-04
3506       0.03571980      0009         9            0.03515625      5.63550000e-04
3507       0.00826825      0002         2            0.00781250      4.55750000e-04
3508       -0.00788670     FFFE         65534        -0.00781250     7.42000000e-05
3509       -0.09168939     FFE9         65513        -0.08984375     1.84564000e-03
3600       0.19661421      0032         50           0.19531250      1.30171000e-03
3601       0.12067956      001F         31           0.12109375      4.14190000e-04
3602       -0.10953794     FFE4         65508        -0.10937500     1.62940000e-04
3603       0.11007061      001C         28           0.10937500      6.95610000e-04
3604       0.16287827      002A         42           0.16406250      1.18423000e-03
3605       -0.03768625     FFF6         65526        -0.03906250     1.37625000e-03
3606       -0.09844245     FFE7         65511        -0.09765625     7.86200000e-04
3607       -0.06200559     FFF0         65520        -0.06250000     4.94410000e-04
3608       -0.12389964     FFE0         65504        -0.12500000     1.10036000e-03
3609       -0.12513663     FFE0         65504        -0.12500000     1.36630000e-04
3700       0.01186614      0003         3            0.01171875      1.47390000e-04
3701       -0.13501146     FFDD         65501        -0.13671875     1.70729000e-03
3702       0.02699618      0007         7            0.02734375      3.47570000e-04
3703       0.00533618      0001         1            0.00390625      1.42993000e-03
3704       0.27255890      0046         70           0.27343750      8.78600000e-04
3705       0.12964730      0021         33           0.12890625      7.41050000e-04
3706       0.08455190      0016         22           0.08593750      1.38560000e-03
3707       0.07475357      0013         19           0.07421875      5.34820000e-04
3708       -0.05197171     FFF3         65523        -0.05078125     1.19046000e-03
3709       0.08382131      0015         21           0.08203125      1.79006000e-03
3800       0.06106047      0010         16           0.06250000      1.43953000e-03
3801       0.11657703      001E         30           0.11718750      6.10470000e-04
3802       0.00239281      0001         1            0.00390625      1.51344000e-03
3803       0.11971036      001F         31           0.12109375      1.38339000e-03
3804       0.20032838      0033         51           0.19921875      1.10963000e-03
3805       -0.03329662     FFF7         65527        -0.03515625     1.85963000e-03
3806       -0.05845476     FFF1         65521        -0.05859375     1.38990000e-04
3807       0.02218741      0006         6            0.02343750      1.25009000e-03
3808       0.05108236      000D         13           0.05078125      3.01110000e-04
3809       -0.21004964     FFCA         65482        -0.21093750     8.87860000e-04
3900       0.15000586      0026         38           0.14843750      1.56836000e-03
3901       0.02127078      0005         5            0.01953125      1.73953000e-03
3902       -0.14330417     FFDB         65499        -0.14453125     1.22708000e-03
3903       -0.07987488     FFEC         65516        -0.07812500     1.74988000e-03
3904       0.20647584      0035         53           0.20703125      5.55410000e-04
3905       0.00482056      0001         1            0.00390625      9.14310000e-04
3906       -0.12326439     FFE0         65504        -0.12500000     1.73561000e-03
3907       -0.09808661     FFE7         65511        -0.09765625     4.30360000e-04
3908       -0.03085417     FFF8         65528        -0.03125000     3.95830000e-04
3909       -0.01575569     FFFC         65532        -0.01562500     1.30690000e-04
4000       0.12608272      0020         32           0.12500000      1.08272000e-03
4001       -0.12819265     FFDF         65503        -0.12890625     7.13600000e-04
4002       -0.00831625     FFFE         65534        -0.00781250     5.03750000e-04
4003       -0.19011207     FFCF         65487        -0.19140625     1.29418000e-03
4004       0.22331107      0039         57           0.22265625      6.54820000e-04
4005       0.01960914      0005         5            0.01953125      7.78900000e-05
4006       -0.04194040     FFF5         65525        -0.04296875     1.02835000e-03
4007       -0.12562592     FFE0         65504        -0.12500000     6.25920000e-04
4008       -0.05273348     FFF3         65523        -0.05078125     1.95223000e-03
4009       -0.17691517     FFD3         65491        -0.17578125     1.13392000e-03
4100       0.15728272      0028         40           0.15625000      1.03272000e-03
4101       0.08504780      0016         22           0.08593750      8.89700000e-04
4102       0.07484943      0013         19           0.07421875      6.30680000e-04
4103       0.01794185      0005         5            0.01953125      1.58940000e-03
4104       0.16573718      002A         42           0.16406250      1.67468000e-03
4105       0.10209992      001A         26           0.10156250      5.37420000e-04
4106       -0.09286167     FFE8         65512        -0.09375000     8.88330000e-04
4107       -0.08919499     FFE9         65513        -0.08984375     6.48760000e-04
4108       -0.06890792     FFEE         65518        -0.07031250     1.40458000e-03
4109       -0.07824107     FFEC         65516        -0.07812500     1.16070000e-04
4200       0.10042908      001A         26           0.10156250      1.13342000e-03
4201       -0.07151498     FFEE         65518        -0.07031250     1.20248000e-03
4202       -0.23100056     FFC5         65477        -0.23046875     5.31810000e-04
4203       0.03714515      000A         10           0.03906250      1.91735000e-03
4204       0.24176148      003E         62           0.24218750      4.26020000e-04
4205       -0.01379862     FFFC         65532        -0.01562500     1.82638000e-03
4206       -0.12661809     FFE0         65504        -0.12500000     1.61809000e-03
4207       0.02845480      0007         7            0.02734375      1.11105000e-03
4208       0.04061001      000A         10           0.03906250      1.54751000e-03
4209       -0.30494621     FFB2         65458        -0.30468750     2.58710000e-04
4300       0.10628052      001B         27           0.10546875      8.11770000e-04
4301       0.07823060      0014         20           0.07812500      1.05600000e-04
4302       -0.13868542     FFDC         65500        -0.14062500     1.93958000e-03
4303       -0.08553836     FFEA         65514        -0.08593750     3.99140000e-04
4304       0.07251117      0013         19           0.07421875      1.70758000e-03
4305       -0.04281628     FFF5         65525        -0.04296875     1.52470000e-04
4306       -0.04420818     FFF5         65525        -0.04296875     1.23943000e-03
4307       -0.11166111     FFE3         65507        -0.11328125     1.62014000e-03
4308       -0.13581848     FFDD         65501        -0.13671875     9.00270000e-04
4309       -0.12823397     FFDF         65503        -0.12890625     6.72280000e-04
4400       0.18372330      002F         47           0.18359375      1.29550000e-04
4401       -0.04113921     FFF5         65525        -0.04296875     1.82954000e-03
4402       -0.00662507     FFFE         65534        -0.00781250     1.18743000e-03
4403       0.00842396      0002         2            0.00781250      6.11460000e-04
4404       0.04975427      000D         13           0.05078125      1.02698000e-03
4405       0.09308938      0018         24           0.09375000      6.60620000e-04
4406       -0.02587622     FFF9         65529        -0.02734375     1.46753000e-03
4407       -0.04583415     FFF4         65524        -0.04687500     1.04085000e-03
4408       0.06694689      0011         17           0.06640625      5.40640000e-04
4409       -0.17340863     FFD4         65492        -0.17187500     1.53363000e-03
4500       0.12403040      0020         32           0.12500000      9.69600000e-04
4501       0.05014483      000D         13           0.05078125      6.36420000e-04
4502       -0.18621722     FFD0         65488        -0.18750000     1.28278000e-03
4503       0.13406090      0022         34           0.13281250      1.24840000e-03
4504       0.08989717      0017         23           0.08984375      5.34200000e-05
4505       0.18981783      0031         49           0.19140625      1.58842000e-03
4506       -0.13490158     FFDD         65501        -0.13671875     1.81717000e-03
4507       -0.18269479     FFD1         65489        -0.18359375     8.98960000e-04
4508       0.05883426      000F         15           0.05859375      2.40510000e-04
4509       -0.02401063     FFFA         65530        -0.02343750     5.73130000e-04
4600       0.06756548      0011         17           0.06640625      1.15923000e-03
4601       0.02637198      0007         7            0.02734375      9.71770000e-04
4602       -0.06777202     FFEF         65519        -0.06640625     1.36577000e-03
4603       0.10094932      001A         26           0.10156250      6.13180000e-04
4604       0.17400014      002D         45           0.17578125      1.78111000e-03
4605       0.16668865      002B         43           0.16796875      1.28010000e-03
4606       -0.02225138     FFFA         65530        -0.02343750     1.18612000e-03
4607       -0.00480895     FFFF         65535        -0.00390625     9.02700000e-04
4608       0.01175924      0003         3            0.01171875      4.04900000e-05
4609       0.03695657      0009         9            0.03515625      1.80032000e-03
4700       0.17739230      002D         45           0.17578125      1.61105000e-03
4701       0.09318028      0018         24           0.09375000      5.69720000e-04
4702       0.19088563      0031         49           0.19140625      5.20620000e-04
4703       0.09293512      0018         24           0.09375000      8.14880000e-04
4704       0.09827410      0019         25           0.09765625      6.17850000e-04
4705       0.08899923      0017         23           0.08984375      8.44520000e-04
4706       -0.17258799     FFD4         65492        -0.17187500     7.12990000e-04
4707       -0.04665534     FFF4         65524        -0.04687500     2.19660000e-04
4708       -0.00433624     FFFF         65535        -0.00390625     4.29990000e-04
4709       -0.22749972     FFC6         65478        -0.22656250     9.37220000e-04
4800       0.17656223      002D         45           0.17578125      7.80980000e-04
4801       0.08264595      0015         21           0.08203125      6.14700000e-04
4802       0.28148848      0048         72           0.28125000      2.38480000e-04
4803       0.09854720      0019         25           0.09765625      8.90950000e-04
4804       0.05044241      000D         13           0.05078125      3.38840000e-04
4805       0.13693579      0023         35           0.13671875      2.17040000e-04
4806       -0.03002255     FFF8         65528        -0.03125000     1.22745000e-03
4807       0.04263727      000B         11           0.04296875      3.31480000e-04
4808       0.31244823      0050         80           0.31250000      5.17700000e-05
4809       -0.11449096     FFE3         65507        -0.11328125     1.20971000e-03
4900       0.03713190      000A         10           0.03906250      1.93060000e-03
4901       -0.06422959     FFF0         65520        -0.06250000     1.72959000e-03
4902       -0.10562544     FFE5         65509        -0.10546875     1.56690000e-04
4903       0.02446819      0006         6            0.02343750      1.03069000e-03
4904       0.14796060      0026         38           0.14843750      4.76900000e-04
4905       0.00142536      0000         0            0.00000000      1.42536000e-03
4906       -0.07921182     FFEC         65516        -0.07812500     1.08682000e-03
4907       -0.08276356     FFEB         65515        -0.08203125     7.32310000e-04
4908       -0.02281613     FFFA         65530        -0.02343750     6.21370000e-04
4909       -0.29219064     FFB5         65461        -0.29296875     7.78110000e-04
5000       0.04481745      000B         11           0.04296875      1.84870000e-03
5001       0.06841879      0012         18           0.07031250      1.89371000e-03
5002       -0.06054021     FFF1         65521        -0.05859375     1.94646000e-03
5003       0.00916385      0002         2            0.00781250      1.35135000e-03
5004       -0.09484478     FFE8         65512        -0.09375000     1.09478000e-03
5005       -0.02008583     FFFB         65531        -0.01953125     5.54580000e-04
5006       -0.09477214     FFE8         65512        -0.09375000     1.02214000e-03
5007       0.07210313      0012         18           0.07031250      1.79063000e-03
5008       -0.06811959     FFEF         65519        -0.06640625     1.71334000e-03
5009       -0.01747313     FFFC         65532        -0.01562500     1.84813000e-03
5100       0.01882903      0005         5            0.01953125      7.02220000e-04
5101       0.08449567      0016         22           0.08593750      1.44183000e-03
5102       -0.02860373     FFF9         65529        -0.02734375     1.25998000e-03
5103       0.09978500      001A         26           0.10156250      1.77750000e-03
5104       0.10556806      001B         27           0.10546875      9.93100000e-05
5105       0.14296098      0025         37           0.14453125      1.57027000e-03
5106       0.00751808      0002         2            0.00781250      2.94420000e-04
5107       -0.12520240     FFE0         65504        -0.12500000     2.02400000e-04
5108       0.03262318      0008         8            0.03125000      1.37318000e-03
5109       -0.14290376     FFDB         65499        -0.14453125     1.62749000e-03
5200       -0.04302854     FFF5         65525        -0.04296875     5.97900000e-05
5201       0.06018179      000F         15           0.05859375      1.58804000e-03
5202       -0.12071540     FFE1         65505        -0.12109375     3.78350000e-04
5203       -0.04467863     FFF5         65525        -0.04296875     1.70988000e-03
5204       0.14332761      0025         37           0.14453125      1.20364000e-03
5205       -0.07837477     FFEC         65516        -0.07812500     2.49770000e-04
5206       -0.12425236     FFE0         65504        -0.12500000     7.47640000e-04
5207       -0.12168939     FFE1         65505        -0.12109375     5.95640000e-04
5208       -0.07321630     FFED         65517        -0.07421875     1.00245000e-03
5209       -0.13169102     FFDE         65502        -0.13281250     1.12148000e-03
5300       0.13611846      0023         35           0.13671875      6.00290000e-04
5301       -0.03116921     FFF8         65528        -0.03125000     8.07900000e-05
5302       0.15391584      0027         39           0.15234375      1.57209000e-03
5303       -0.02934614     FFF8         65528        -0.03125000     1.90386000e-03
5304       0.29325584      004B         75           0.29296875      2.87090000e-04
5305       0.15884419      0029         41           0.16015625      1.31206000e-03
5306       0.04872758      000C         12           0.04687500      1.85258000e-03
5307       0.25032306      0040         64           0.25000000      3.23060000e-04
5308       0.00525426      0001         1            0.00390625      1.34801000e-03
5309       0.12354082      0020         32           0.12500000      1.45918000e-03
5400       0.18230799      002F         47           0.18359375      1.28576000e-03
5401       0.05957737      000F         15           0.05859375      9.83620000e-04
5402       -0.00549443     FFFF         65535        -0.00390625     1.58818000e-03
5403       -0.06551491     FFEF         65519        -0.06640625     8.91340000e-04
5404       0.22788602      003A         58           0.22656250      1.32352000e-03
5405       -0.00307951     FFFF         65535        -0.00390625     8.26740000e-04
5406       -0.11169401     FFE3         65507        -0.11328125     1.58724000e-03
5407       0.04333780      000B         11           0.04296875      3.69050000e-04
5408       0.10114664      001A         26           0.10156250      4.15860000e-04
5409       -0.06313691     FFF0         65520        -0.06250000     6.36910000e-04
5500       -0.05653935     FFF2         65522        -0.05468750     1.85185000e-03
5501       0.04186716      000B         11           0.04296875      1.10159000e-03
5502       -0.05151509     FFF3         65523        -0.05078125     7.33840000e-04
5503       -0.00009638     0000         0            0.00000000      9.63800000e-05
5504       0.18525523      002F         47           0.18359375      1.66148000e-03
5505       0.01989411      0005         5            0.01953125      3.62860000e-04
5506       -0.14863494     FFDA         65498        -0.14843750     1.97440000e-04
5507       -0.06165049     FFF0         65520        -0.06250000     8.49510000e-04
5508       0.02237232      0006         6            0.02343750      1.06518000e-03
5509       -0.00623061     FFFE         65534        -0.00781250     1.58189000e-03
5600       -0.09255911     FFE8         65512        -0.09375000     1.19089000e-03
5601       -0.03238758     FFF8         65528        -0.03125000     1.13758000e-03
5602       -0.03509013     FFF7         65527        -0.03515625     6.61200000e-05
5603       -0.03635791     FFF7         65527        -0.03515625     1.20166000e-03
5604       0.40115830      0067         103          0.40234375      1.18545000e-03
5605       -0.12707298     FFDF         65503        -0.12890625     1.83327000e-03
5606       -0.04768710     FFF4         65524        -0.04687500     8.12100000e-04
5607       0.09763138      0019         25           0.09765625      2.48700000e-05
5608       -0.18280332     FFD1         65489        -0.18359375     7.90430000e-04
5609       -0.30741155     FFB1         65457        -0.30859375     1.18220000e-03
5700       0.12707339      0021         33           0.12890625      1.83286000e-03
5701       0.08330727      0015         21           0.08203125      1.27602000e-03
5702       -0.11829287     FFE2         65506        -0.11718750     1.10537000e-03
5703       0.15364674      0027         39           0.15234375      1.30299000e-03
5704       0.11200629      001D         29           0.11328125      1.27496000e-03
5705       0.02949440      0008         8            0.03125000      1.75560000e-03
5706       -0.05070179     FFF3         65523        -0.05078125     7.94600000e-05
5707       -0.03812614     FFF6         65526        -0.03906250     9.36360000e-04
5708       -0.15102464     FFD9         65497        -0.15234375     1.31911000e-03
5709       -0.16339813     FFD6         65494        -0.16406250     6.64370000e-04
5800       0.05748874      000F         15           0.05859375      1.10501000e-03
5801       0.05531420      000E         14           0.05468750      6.26700000e-04
5802       0.04354669      000B         11           0.04296875      5.77940000e-04
5803       0.09323683      0018         24           0.09375000      5.13170000e-04
5804       0.32099617      0052         82           0.32031250      6.83670000e-04
5805       0.14077544      0024         36           0.14062500      1.50440000e-04
5806       -0.09254532     FFE8         65512        -0.09375000     1.20468000e-03
5807       -0.00165709     0000         0            0.00000000      1.65709000e-03
5808       0.11417636      001D         29           0.11328125      8.95110000e-04
5809       -0.06901838     FFEE         65518        -0.07031250     1.29412000e-03
5900       -0.30763969     FFB1         65457        -0.30859375     9.54060000e-04
5901       0.25253418      0041         65           0.25390625      1.37207000e-03
5902       -0.21017490     FFCA         65482        -0.21093750     7.62600000e-04
5903       0.16879164      002B         43           0.16796875      8.22890000e-04
5904       0.05066602      000D         13           0.05078125      1.15230000e-04
5905       -0.12546623     FFE0         65504        -0.12500000     4.66230000e-04
5906       -0.26374307     FFBC         65468        -0.26562500     1.88193000e-03
5907       -0.15921168     FFD7         65495        -0.16015625     9.44570000e-04
5908       -0.03256913     FFF8         65528        -0.03125000     1.31913000e-03
5909       -0.44613102     FF8E         65422        -0.44531250     8.18520000e-04
6000       0.45134959      0074         116          0.45312500      1.77541000e-03
6001       0.08907627      0017         23           0.08984375      7.67480000e-04
6002       0.06666102      0011         17           0.06640625      2.54770000e-04
6003       0.11734825      001E         30           0.11718750      1.60750000e-04
6004       0.29403070      004B         75           0.29296875      1.06195000e-03
6005       0.39858174      0066         102          0.39843750      1.44240000e-04
6006       -0.20585398     FFCB         65483        -0.20703125     1.17727000e-03
6007       -0.04082804     FFF6         65526        -0.03906250     1.76554000e-03
6008       0.21394069      0037         55           0.21484375      9.03060000e-04
6009       -0.40212312     FF99         65433        -0.40234375     2.20630000e-04
6100       -0.06553513     FFEF         65519        -0.06640625     8.71120000e-04
6101       -0.00749113     FFFE         65534        -0.00781250     3.21370000e-04
6102       -0.34516561     FFA8         65448        -0.34375000     1.41561000e-03
6103       0.04996666      000D         13           0.05078125      8.14590000e-04
6104       -0.03004727     FFF8         65528        -0.03125000     1.20273000e-03
6105       0.09093364      0017         23           0.08984375      1.08989000e-03
6106       -0.00360913     FFFF         65535        -0.00390625     2.97120000e-04
6107       -0.10640783     FFE5         65509        -0.10546875     9.39080000e-04
6108       -0.06721674     FFEF         65519        -0.06640625     8.10490000e-04
6109       -0.21670623     FFC9         65481        -0.21484375     1.86248000e-03
6200       -0.03166294     FFF8         65528        -0.03125000     4.12940000e-04
6201       0.36716631      005E         94           0.36718750      2.11900000e-05
6202       -0.24425884     FFC1         65473        -0.24609375     1.83491000e-03
6203       0.42299661      006C         108          0.42187500      1.12161000e-03
6204       0.28017691      0048         72           0.28125000      1.07309000e-03
6205       0.01277454      0003         3            0.01171875      1.05579000e-03
6206       -0.14522892     FFDB         65499        -0.14453125     6.97670000e-04
6207       0.15868138      0029         41           0.16015625      1.47487000e-03
6208       -0.21069445     FFCA         65482        -0.21093750     2.43050000e-04
6209       -0.19142154     FFCF         65487        -0.19140625     1.52900000e-05
6300       0.41480067      006A         106          0.41406250      7.38170000e-04
6301       0.06407567      0010         16           0.06250000      1.57567000e-03
6302       -0.22771223     FFC6         65478        -0.22656250     1.14973000e-03
6303       0.01037354      0003         3            0.01171875      1.34521000e-03
6304       0.34515211      0058         88           0.34375000      1.40211000e-03
6305       -0.14388810     FFDB         65499        -0.14453125     6.43150000e-04
6306       0.00112005      0000         0            0.00000000      1.12005000e-03
6307       -0.03378621     FFF7         65527        -0.03515625     1.37004000e-03
6308       -0.34575468     FFA7         65447        -0.34765625     1.90157000e-03
6309       -0.13339192     FFDE         65502        -0.13281250     5.79420000e-04
6400       0.08105128      0015         21           0.08203125      9.79970000e-04
6401       -0.01920060     FFFB         65531        -0.01953125     3.30650000e-04
6402       -0.08045339     FFEB         65515        -0.08203125     1.57786000e-03
6403       -0.00738734     FFFE         65534        -0.00781250     4.25160000e-04
6404       0.18931989      0030         48           0.18750000      1.81989000e-03
6405       -0.03752338     FFF6         65526        -0.03906250     1.53912000e-03
6406       -0.15126431     FFD9         65497        -0.15234375     1.07944000e-03
6407       -0.15766692     FFD8         65496        -0.15625000     1.41692000e-03
6408       -0.04558037     FFF4         65524        -0.04687500     1.29463000e-03
6409       -0.11715309     FFE2         65506        -0.11718750     3.44100000e-05
6500       0.13471773      0022         34           0.13281250      1.90523000e-03
6501       0.08875793      0017         23           0.08984375      1.08582000e-03
6502       -0.02893731     FFF9         65529        -0.02734375     1.59356000e-03
6503       -0.07882092     FFEC         65516        -0.07812500     6.95920000e-04
6504       0.24588589      003F         63           0.24609375      2.07860000e-04
6505       0.03154611      0008         8            0.03125000      2.96110000e-04
6506       -0.09602688     FFE7         65511        -0.09765625     1.62937000e-03
6507       -0.11651959     FFE2         65506        -0.11718750     6.67910000e-04
6508       -0.06442985     FFF0         65520        -0.06250000     1.92985000e-03
6509       0.02784263      0007         7            0.02734375      4.98880000e-04
6600       0.12052502      001F         31           0.12109375      5.68730000e-04
6601       0.04762429      000C         12           0.04687500      7.49290000e-04
6602       -0.14792496     FFDA         65498        -0.14843750     5.12540000e-04
6603       0.07290947      0013         19           0.07421875      1.30928000e-03
6604       0.12067704      001F         31           0.12109375      4.16710000e-04
6605       0.00338544      0001         1            0.00390625      5.20810000e-04
6606       -0.18070285     FFD2         65490        -0.17968750     1.01535000e-03
6607       -0.09693668     FFE7         65511        -0.09765625     7.19570000e-04
6608       -0.07049767     FFEE         65518        -0.07031250     1.85170000e-04
6609       -0.17100327     FFD4         65492        -0.17187500     8.71730000e-04
6700       0.14049236      0024         36           0.14062500      1.32640000e-04
6701       -0.00200619     FFFF         65535        -0.00390625     1.90006000e-03
6702       -0.04080603     FFF6         65526        -0.03906250     1.74353000e-03
6703       0.11545140      001E         30           0.11718750      1.73610000e-03
6704       0.16089232      0029         41           0.16015625      7.36070000e-04
6705       0.16250631      002A         42           0.16406250      1.55619000e-03
6706       -0.00661338     FFFE         65534        -0.00781250     1.19912000e-03
6707       0.01645727      0004         4            0.01562500      8.32270000e-04
6708       -0.02306131     FFFA         65530        -0.02343750     3.76190000e-04
6709       -0.13826559     FFDD         65501        -0.13671875     1.54684000e-03
6800       0.00084007      0000         0            0.00000000      8.40070000e-04
6801       0.06100362      0010         16           0.06250000      1.49638000e-03
6802       0.08491667      0016         22           0.08593750      1.02083000e-03
6803       -0.04468034     FFF5         65525        -0.04296875     1.71159000e-03
6804       0.27542359      0047         71           0.27734375      1.92016000e-03
6805       0.05144563      000D         13           0.05078125      6.64380000e-04
6806       0.00131828      0000         0            0.00000000      1.31828000e-03
6807       0.09397820      0018         24           0.09375000      2.28200000e-04
6808       -0.14506239     FFDB         65499        -0.14453125     5.31140000e-04
6809       -0.09900970     FFE7         65511        -0.09765625     1.35345000e-03
6900       0.31838959      0052         82           0.32031250      1.92291000e-03
6901       0.11577888      001E         30           0.11718750      1.40862000e-03
6902       0.09547403      0018         24           0.09375000      1.72403000e-03
6903       0.00633758      0002         2            0.00781250      1.47492000e-03
6904       0.37621203      0060         96           0.37500000      1.21203000e-03
6905       0.22288790      0039         57           0.22265625      2.31650000e-04
6906       -0.03461242     FFF7         65527        -0.03515625     5.43830000e-04
6907       0.12508622      0020         32           0.12500000      8.62200000e-05
6908       0.11259543      001D         29           0.11328125      6.85820000e-04
6909       -0.11783306     FFE2         65506        -0.11718750     6.45560000e-04
7000       -0.03262467     FFF8         65528        -0.03125000     1.37467000e-03
7001       0.13613822      0023         35           0.13671875      5.80530000e-04
7002       -0.13966352     FFDC         65500        -0.14062500     9.61480000e-04
7003       0.08409717      0016         22           0.08593750      1.84033000e-03
7004       0.02113022      0005         5            0.01953125      1.59897000e-03
7005       0.07750902      0014         20           0.07812500      6.15980000e-04
7006       -0.04172608     FFF5         65525        -0.04296875     1.24267000e-03
7007       -0.07278723     FFED         65517        -0.07421875     1.43152000e-03
7008       0.01888752      0005         5            0.01953125      6.43730000e-04
7009       -0.13102286     FFDE         65502        -0.13281250     1.78964000e-03
7100       0.01049469      0003         3            0.01171875      1.22406000e-03
7101       -0.01093405     FFFD         65533        -0.01171875     7.84700000e-04
7102       -0.00209825     FFFF         65535        -0.00390625     1.80800000e-03
7103       0.09962256      001A         26           0.10156250      1.93994000e-03
7104       0.17737876      002D         45           0.17578125      1.59751000e-03
7105       0.02269006      0006         6            0.02343750      7.47440000e-04
7106       0.01123874      0003         3            0.01171875      4.80010000e-04
7107       -0.00275632     FFFF         65535        -0.00390625     1.14993000e-03
7108       -0.03474507     FFF7         65527        -0.03515625     4.11180000e-04
7109       0.00006566      0000         0            0.00000000      6.56600000e-05
7200       0.10456775      001B         27           0.10546875      9.01000000e-04
7201       -0.18756863     FFD0         65488        -0.18750000     6.86300000e-05
7202       -0.10178470     FFE6         65510        -0.10156250     2.22200000e-04
7203       -0.11212573     FFE3         65507        -0.11328125     1.15552000e-03
7204       -0.04902221     FFF3         65523        -0.05078125     1.75904000e-03
7205       0.18408871      002F         47           0.18359375      4.94960000e-04
7206       0.00883877      0002         2            0.00781250      1.02627000e-03
7207       -0.05907860     FFF1         65521        -0.05859375     4.84850000e-04
7208       0.00101271      0000         0            0.00000000      1.01271000e-03
7209       -0.14732932     FFDA         65498        -0.14843750     1.10818000e-03
7300       0.05317234      000E         14           0.05468750      1.51516000e-03
7301       0.11774474      001E         30           0.11718750      5.57240000e-04
7302       -0.10680269     FFE5         65509        -0.10546875     1.33394000e-03
7303       0.05020631      000D         13           0.05078125      5.74940000e-04
7304       0.16812482      002B         43           0.16796875      1.56070000e-04
7305       0.14237833      0024         36           0.14062500      1.75333000e-03
7306       0.04127735      000B         11           0.04296875      1.69140000e-03
7307       -0.02800240     FFF9         65529        -0.02734375     6.58650000e-04
7308       -0.00189378     0000         0            0.00000000      1.89378000e-03
7309       -0.06353144     FFF0         65520        -0.06250000     1.03144000e-03
7400       0.06973229      0012         18           0.07031250      5.80210000e-04
7401       0.10848165      001C         28           0.10937500      8.93350000e-04
7402       -0.00446850     FFFF         65535        -0.00390625     5.62250000e-04
7403       -0.01459073     FFFC         65532        -0.01562500     1.03427000e-03
7404       0.08124267      0015         21           0.08203125      7.88580000e-04
7405       0.04507910      000C         12           0.04687500      1.79590000e-03
7406       -0.08737792     FFEA         65514        -0.08593750     1.44042000e-03
7407       0.00078053      0000         0            0.00000000      7.80530000e-04
7408       0.01921747      0005         5            0.01953125      3.13780000e-04
7409       -0.14515895     FFDB         65499        -0.14453125     6.27700000e-04
7500       0.10962693      001C         28           0.10937500      2.51930000e-04
7501       0.02577645      0007         7            0.02734375      1.56730000e-03
7502       -0.20205538     FFCC         65484        -0.20312500     1.06962000e-03
7503       -0.06364554     FFF0         65520        -0.06250000     1.14554000e-03
7504       0.23170826      003B         59           0.23046875      1.23951000e-03
7505       0.19835290      0033         51           0.19921875      8.65850000e-04
7506       -0.17204821     FFD4         65492        -0.17187500     1.73210000e-04
7507       -0.09141669     FFE9         65513        -0.08984375     1.57294000e-03
7508       0.05280754      000E         14           0.05468750      1.87996000e-03
7509       -0.26273501     FFBD         65469        -0.26171875     1.01626000e-03
7600       0.13682230      0023         35           0.13671875      1.03550000e-04
7601       -0.00718631     FFFE         65534        -0.00781250     6.26190000e-04
7602       0.42899337      006E         110          0.42968750      6.94130000e-04
7603       -0.00518377     FFFF         65535        -0.00390625     1.27752000e-03
7604       0.07522327      0013         19           0.07421875      1.00452000e-03
7605       0.00437565      0001         1            0.00390625      4.69400000e-04
7606       -0.03864853     FFF6         65526        -0.03906250     4.13970000e-04
7607       0.09321352      0018         24           0.09375000      5.36480000e-04
7608       -0.02301112     FFFA         65530        -0.02343750     4.26380000e-04
7609       0.00471505      0001         1            0.00390625      8.08800000e-04
7700       0.18351951      002F         47           0.18359375      7.42400000e-05
7701       0.08602537      0016         22           0.08593750      8.78700000e-05
7702       0.15637140      0028         40           0.15625000      1.21400000e-04
7703       0.14196531      0024         36           0.14062500      1.34031000e-03
7704       0.11087413      001C         28           0.10937500      1.49913000e-03
7705       -0.00675266     FFFE         65534        -0.00781250     1.05984000e-03
7706       -0.09582800     FFE7         65511        -0.09765625     1.82825000e-03
7707       0.01618749      0004         4            0.01562500      5.62490000e-04
7708       0.03427434      0009         9            0.03515625      8.81910000e-04
7709       -0.23678106     FFC3         65475        -0.23828125     1.50019000e-03
7800       -0.01065044     FFFD         65533        -0.01171875     1.06831000e-03
7801       -0.03945936     FFF6         65526        -0.03906250     3.96860000e-04
7802       0.00703303      0002         2            0.00781250      7.79470000e-04
7803       0.12947518      0021         33           0.12890625      5.68930000e-04
7804       0.25761110      0042         66           0.25781250      2.01400000e-04
7805       0.00032955      0000         0            0.00000000      3.29550000e-04
7806       -0.14055996     FFDC         65500        -0.14062500     6.50400000e-05
7807       -0.16442832     FFD6         65494        -0.16406250     3.65820000e-04
7808       0.10575044      001B         27           0.10546875      2.81690000e-04
7809       -0.08368371     FFEB         65515        -0.08203125     1.65246000e-03
7900       0.08708140      0016         22           0.08593750      1.14390000e-03
7901       0.16776590      002B         43           0.16796875      2.02850000e-04
7902       -0.17216891     FFD4         65492        -0.17187500     2.93910000e-04
7903       0.14228991      0024         36           0.14062500      1.66491000e-03
7904       0.07349195      0013         19           0.07421875      7.26800000e-04
7905       0.14479685      0025         37           0.14453125      2.65600000e-04
7906       -0.09533315     FFE8         65512        -0.09375000     1.58315000e-03
7907       -0.01703093     FFFC         65532        -0.01562500     1.40593000e-03
7908       0.12373947      0020         32           0.12500000      1.26053000e-03
7909       -0.22131850     FFC7         65479        -0.22265625     1.33775000e-03
8000       0.17263050      002C         44           0.17187500      7.55500000e-04
8001       0.03927954      000A         10           0.03906250      2.17040000e-04
8002       -0.29351655     FFB5         65461        -0.29296875     5.47800000e-04
8003       0.02363355      0006         6            0.02343750      1.96050000e-04
8004       0.03452642      0009         9            0.03515625      6.29830000e-04
8005       0.10960546      001C         28           0.10937500      2.30460000e-04
8006       -0.02062643     FFFB         65531        -0.01953125     1.09518000e-03
8007       -0.16149111     FFD7         65495        -0.16015625     1.33486000e-03
8008       0.10509331      001B         27           0.10546875      3.75440000e-04
8009       -0.17978165     FFD2         65490        -0.17968750     9.41500000e-05
8100       0.08562833      0016         22           0.08593750      3.09170000e-04
8101       -0.01049955     FFFD         65533        -0.01171875     1.21920000e-03
8102       0.25605440      0042         66           0.25781250      1.75810000e-03
8103       -0.16927831     FFD5         65493        -0.16796875     1.30956000e-03
8104       0.10137373      001A         26           0.10156250      1.88770000e-04
8105       0.05114663      000D         13           0.05078125      3.65380000e-04
8106       -0.04084674     FFF6         65526        -0.03906250     1.78424000e-03
8107       -0.00780743     FFFE         65534        -0.00781250     5.07000000e-06
8108       -0.02184898     FFFA         65530        -0.02343750     1.58852000e-03
8109       -0.16057591     FFD7         65495        -0.16015625     4.19660000e-04
8200       -0.04501683     FFF4         65524        -0.04687500     1.85817000e-03
8201       -0.08984880     FFE9         65513        -0.08984375     5.05000000e-06
8202       -0.05589708     FFF2         65522        -0.05468750     1.20958000e-03
8203       0.08196162      0015         21           0.08203125      6.96300000e-05
8204       0.18253659      002F         47           0.18359375      1.05716000e-03
8205       0.09274472      0018         24           0.09375000      1.00528000e-03
8206       -0.10478164     FFE5         65509        -0.10546875     6.87110000e-04
8207       -0.10918376     FFE4         65508        -0.10937500     1.91240000e-04
8208       0.02608047      0007         7            0.02734375      1.26328000e-03
8209       0.03242565      0008         8            0.03125000      1.17565000e-03
8300       0.14360170      0025         37           0.14453125      9.29550000e-04
8301       -0.07745080     FFEC         65516        -0.07812500     6.74200000e-04
8302       0.05413199      000E         14           0.05468750      5.55510000e-04
8303       0.07221086      0012         18           0.07031250      1.89836000e-03
8304       0.28057972      0048         72           0.28125000      6.70280000e-04
8305       0.14897050      0026         38           0.14843750      5.33000000e-04
8306       0.03538261      0009         9            0.03515625      2.26360000e-04
8307       -0.15418875     FFD9         65497        -0.15234375     1.84500000e-03
8308       0.06489704      0011         17           0.06640625      1.50921000e-03
8309       0.00602387      0002         2            0.00781250      1.78863000e-03
8400       0.03813603      000A         10           0.03906250      9.26470000e-04
8401       -0.06509183     FFEF         65519        -0.06640625     1.31442000e-03
8402       -0.07160427     FFEE         65518        -0.07031250     1.29177000e-03
8403       -0.14287469     FFDB         65499        -0.14453125     1.65656000e-03
8404       0.20365313      0034         52           0.20312500      5.28130000e-04
8405       -0.16155230     FFD7         65495        -0.16015625     1.39605000e-03
8406       -0.09238188     FFE8         65512        -0.09375000     1.36812000e-03
8407       0.03356209      0009         9            0.03515625      1.59416000e-03
8408       -0.02677137     FFF9         65529        -0.02734375     5.72380000e-04
8409       -0.16153696     FFD7         65495        -0.16015625     1.38071000e-03
8500       0.04151769      000B         11           0.04296875      1.45106000e-03
8501       -0.04350553     FFF5         65525        -0.04296875     5.36780000e-04
8502       0.00489691      0001         1            0.00390625      9.90660000e-04
8503       -0.05278645     FFF2         65522        -0.05468750     1.90105000e-03
8504       0.24221404      003E         62           0.24218750      2.65400000e-05
8505       0.15824077      0029         41           0.16015625      1.91548000e-03
8506       -0.00852098     FFFE         65534        -0.00781250     7.08480000e-04
8507       0.02192760      0006         6            0.02343750      1.50990000e-03
8508       0.01848006      0005         5            0.01953125      1.05119000e-03
8509       -0.18037097     FFD2         65490        -0.17968750     6.83470000e-04
8600       0.21245675      0036         54           0.21093750      1.51925000e-03
8601       0.05420475      000E         14           0.05468750      4.82750000e-04
8602       -0.33535725     FFAA         65450        -0.33593750     5.80250000e-04
8603       0.09633257      0019         25           0.09765625      1.32368000e-03
8604       0.04459355      000B         11           0.04296875      1.62480000e-03
8605       0.11575522      001E         30           0.11718750      1.43228000e-03
8606       -0.03952154     FFF6         65526        -0.03906250     4.59040000e-04
8607       -0.15185113     FFD9         65497        -0.15234375     4.92620000e-04
8608       0.14322303      0025         37           0.14453125      1.30822000e-03
8609       -0.27020305     FFBB         65467        -0.26953125     6.71800000e-04
8700       0.13997841      0024         36           0.14062500      6.46590000e-04
8701       0.01253336      0003         3            0.01171875      8.14610000e-04
8702       -0.15857467     FFD7         65495        -0.16015625     1.58158000e-03
8703       0.00536623      0001         1            0.00390625      1.45998000e-03
8704       0.11344749      001D         29           0.11328125      1.66240000e-04
8705       -0.10413941     FFE5         65509        -0.10546875     1.32934000e-03
8706       -0.01715462     FFFC         65532        -0.01562500     1.52962000e-03
8707       -0.09248770     FFE8         65512        -0.09375000     1.26230000e-03
8708       0.02211120      0006         6            0.02343750      1.32630000e-03
8709       -0.23110625     FFC5         65477        -0.23046875     6.37500000e-04
8800       0.12321965      0020         32           0.12500000      1.78035000e-03
8801       -0.02757831     FFF9         65529        -0.02734375     2.34560000e-04
8802       -0.02505059     FFFA         65530        -0.02343750     1.61309000e-03
8803       -0.06493619     FFEF         65519        -0.06640625     1.47006000e-03
8804       0.29203439      004B         75           0.29296875      9.34360000e-04
8805       -0.02491334     FFFA         65530        -0.02343750     1.47584000e-03
8806       0.00845720      0002         2            0.00781250      6.44700000e-04
8807       -0.07918823     FFEC         65516        -0.07812500     1.06323000e-03
8808       0.09633818      0019         25           0.09765625      1.31807000e-03
8809       -0.12573771     FFE0         65504        -0.12500000     7.37710000e-04
8900       0.00510260      0001         1            0.00390625      1.19635000e-03
8901       -0.04306041     FFF5         65525        -0.04296875     9.16600000e-05
8902       -0.05201769     FFF3         65523        -0.05078125     1.23644000e-03
8903       -0.13628013     FFDD         65501        -0.13671875     4.38620000e-04
8904       0.15887122      0029         41           0.16015625      1.28503000e-03
8905       0.09511523      0018         24           0.09375000      1.36523000e-03
8906       -0.12209009     FFE1         65505        -0.12109375     9.96340000e-04
8907       -0.12411395     FFE0         65504        -0.12500000     8.86050000e-04
8908       0.06095105      0010         16           0.06250000      1.54895000e-03
8909       -0.07901518     FFEC         65516        -0.07812500     8.90180000e-04
9000       0.16760765      002B         43           0.16796875      3.61100000e-04
9001       -0.03027754     FFF8         65528        -0.03125000     9.72460000e-04
9002       -0.18221317     FFD1         65489        -0.18359375     1.38058000e-03
9003       -0.02188110     FFFA         65530        -0.02343750     1.55640000e-03
9004       0.17316501      002C         44           0.17187500      1.29001000e-03
9005       -0.08094633     FFEB         65515        -0.08203125     1.08492000e-03
9006       -0.11236155     FFE3         65507        -0.11328125     9.19700000e-04
9007       -0.01845445     FFFB         65531        -0.01953125     1.07680000e-03
9008       0.02462829      0006         6            0.02343750      1.19079000e-03
9009       -0.16518468     FFD6         65494        -0.16406250     1.12218000e-03
9100       -0.09200489     FFE8         65512        -0.09375000     1.74511000e-03
9101       -0.04675715     FFF4         65524        -0.04687500     1.17850000e-04
9102       -0.38639593     FF9D         65437        -0.38671875     3.22820000e-04
9103       0.18619977      0030         48           0.18750000      1.30023000e-03
9104       0.16657589      002B         43           0.16796875      1.39286000e-03
9105       0.18880485      0030         48           0.18750000      1.30485000e-03
9106       -0.10869667     FFE4         65508        -0.10937500     6.78330000e-04
9107       0.09412497      0018         24           0.09375000      3.74970000e-04
9108       0.02500390      0006         6            0.02343750      1.56640000e-03
9109       -0.13148388     FFDE         65502        -0.13281250     1.32862000e-03
9200       0.02878752      0007         7            0.02734375      1.44377000e-03
9201       -0.07805306     FFEC         65516        -0.07812500     7.19400000e-05
9202       0.04097025      000A         10           0.03906250      1.90775000e-03
9203       -0.05308429     FFF2         65522        -0.05468750     1.60321000e-03
9204       0.20983928      0036         54           0.21093750      1.09822000e-03
9205       0.08771849      0016         22           0.08593750      1.78099000e-03
9206       -0.15246007     FFD9         65497        -0.15234375     1.16320000e-04
9207       0.00888125      0002         2            0.00781250      1.06875000e-03
9208       -0.07764561     FFEC         65516        -0.07812500     4.79390000e-04
9209       -0.02728525     FFF9         65529        -0.02734375     5.85000000e-05
9300       -0.07814986     FFEC         65516        -0.07812500     2.48600000e-05
9301       -0.04901878     FFF3         65523        -0.05078125     1.76247000e-03
9302       0.08571643      0016         22           0.08593750      2.21070000e-04
9303       0.20467107      0034         52           0.20312500      1.54607000e-03
9304       0.10414703      001B         27           0.10546875      1.32172000e-03
9305       0.45531881      0075         117          0.45703125      1.71244000e-03
9306       -0.04162545     FFF5         65525        -0.04296875     1.34330000e-03
9307       -0.00842593     FFFE         65534        -0.00781250     6.13430000e-04
9308       0.26236999      0043         67           0.26171875      6.51240000e-04
9309       0.27252716      0046         70           0.27343750      9.10340000e-04
9400       0.05361583      000E         14           0.05468750      1.07167000e-03
9401       -0.03972586     FFF6         65526        -0.03906250     6.63360000e-04
9402       0.01255916      0003         3            0.01171875      8.40410000e-04
9403       0.11571842      001E         30           0.11718750      1.46908000e-03
9404       -0.08515675     FFEA         65514        -0.08593750     7.80750000e-04
9405       -0.28687820     FFB7         65463        -0.28515625     1.72195000e-03
9406       0.02540098      0007         7            0.02734375      1.94277000e-03
9407       -0.04728090     FFF4         65524        -0.04687500     4.05900000e-04
9408       -0.25017685     FFC0         65472        -0.25000000     1.76850000e-04
9409       -0.01162170     FFFD         65533        -0.01171875     9.70500000e-05
9500       0.08543435      0016         22           0.08593750      5.03150000e-04
9501       -0.11041336     FFE4         65508        -0.10937500     1.03836000e-03
9502       0.16246141      002A         42           0.16406250      1.60109000e-03
9503       -0.08457129     FFEA         65514        -0.08593750     1.36621000e-03
9504       0.21816729      0038         56           0.21875000      5.82710000e-04
9505       -0.11819676     FFE2         65506        -0.11718750     1.00926000e-03
9506       0.01580671      0004         4            0.01562500      1.81710000e-04
9507       -0.05852892     FFF1         65521        -0.05859375     6.48300000e-05
9508       -0.18577302     FFD0         65488        -0.18750000     1.72698000e-03
9509       -0.19104126     FFCF         65487        -0.19140625     3.64990000e-04
9600       -0.26860079     FFBB         65467        -0.26953125     9.30460000e-04
9601       0.04872534      000C         12           0.04687500      1.85034000e-03
9602       -0.13978271     FFDC         65500        -0.14062500     8.42290000e-04
9603       0.13993569      0024         36           0.14062500      6.89310000e-04
9604       0.14646435      0025         37           0.14453125      1.93310000e-03
9605       -0.09852397     FFE7         65511        -0.09765625     8.67720000e-04
9606       0.00714115      0002         2            0.00781250      6.71350000e-04
9607       -0.02966007     FFF8         65528        -0.03125000     1.58993000e-03
9608       -0.15545334     FFD8         65496        -0.15625000     7.96660000e-04
9609       -0.16698304     FFD5         65493        -0.16796875     9.85710000e-04
9700       -0.11836001     FFE2         65506        -0.11718750     1.17251000e-03
9701       0.06182439      0010         16           0.06250000      6.75610000e-04
9702       -0.40148011     FF99         65433        -0.40234375     8.63640000e-04
9703       -0.00019401     0000         0            0.00000000      1.94010000e-04
9704       0.02120886      0005         5            0.01953125      1.67761000e-03
9705       -0.19651313     FFCE         65486        -0.19531250     1.20063000e-03
9706       0.04989824      000D         13           0.05078125      8.83010000e-04
9707       0.13004781      0021         33           0.12890625      1.14156000e-03
9708       -0.13087556     FFDE         65502        -0.13281250     1.93694000e-03
9709       -0.17880274     FFD2         65490        -0.17968750     8.84760000e-04
9800       0.12529612      0020         32           0.12500000      2.96120000e-04
9801       -0.04700694     FFF4         65524        -0.04687500     1.31940000e-04
9802       0.06747314      0011         17           0.06640625      1.06689000e-03
9803       0.07529388      0013         19           0.07421875      1.07513000e-03
9804       0.00159954      0000         0            0.00000000      1.59954000e-03
9805       0.14349012      0025         37           0.14453125      1.04113000e-03
9806       -0.13948023     FFDC         65500        -0.14062500     1.14477000e-03
9807       -0.07904170     FFEC         65516        -0.07812500     9.16700000e-04
9808       0.08736694      0016         22           0.08593750      1.42944000e-03
9809       0.02035684      0005         5            0.01953125      8.25590000e-04
9900       0.01022738      0003         3            0.01171875      1.49137000e-03
9901       -0.03292549     FFF8         65528        -0.03125000     1.67549000e-03
9902       -0.11848653     FFE2         65506        -0.11718750     1.29903000e-03
9903       -0.05169064     FFF3         65523        -0.05078125     9.09390000e-04
9904       0.13949911      0024         36           0.14062500      1.12589000e-03
9905       -0.04719274     FFF4         65524        -0.04687500     3.17740000e-04
9906       -0.11054464     FFE4         65508        -0.10937500     1.16964000e-03
9907       -0.06890410     FFEE         65518        -0.07031250     1.40840000e-03
9908       -0.14663206     FFDA         65498        -0.14843750     1.80544000e-03
9909       -0.05339974     FFF2         65522        -0.05468750     1.28776000e-03
