-0.18728384
-0.39021456
-0.26754645
0.06398042
0.01292566
-0.30877554
-0.03206192
0.09581024
-0.03716908
-0.10884526
-0.18232578
-0.20249927
-0.55772537
-0.03639447
-0.03359873
-0.22058523
-0.60051203
-0.47927478
0.03069482
-0.05526658
0.10710761
-0.61596102
0.01130675
-0.28253004
-0.05259681
-0.32818553
-0.40680709
-0.07251596
-0.05231411
-0.39332774
-0.38355964
-0.08405691
-0.20535800
-0.00033188
-0.65095735
-0.03692531
-0.21199048
0.04128975
-0.08631772
0.01974512
-0.20434791
-0.07901234
-0.13014308
-0.63213897
-0.31515741
-0.01239379
0.07362230
-0.33748576
-0.05299516
-0.58038920
-0.00788568
-0.30496329
-0.64048749
0.08716927
0.13010368
0.00571834
-0.14553471
-0.35315609
-0.05640749
-0.35481459
-0.22930250
-0.43953115
-0.22088885
-0.15635209
-0.39087275
0.03158145
-0.41475466
-0.44973043
-0.02449548
-0.12672806
0.01350688
-0.00895857
-0.51490372
-0.11826786
-0.57764673
-0.24393114
-0.10955648
-0.11061504
-0.04548192
-0.62664258
-0.27494845
-0.55812907
-0.08686232
-0.03971616
-0.69038159
-0.07568914
-0.40530708
-0.52777404
0.12546526
0.04987080
-0.16955297
-0.20016234
-0.04164665
0.42073750
-0.14918537
-0.13844737
-0.04565612
-0.09030135
-0.02285463
-0.07078894
0.13725612
-0.06168069
-0.16336912
-0.19991256
-0.04729034
-0.27232891
-0.08011148
-0.00143020
-0.00416142
-0.17966530
-0.17455937
-0.32982984
-0.06996157
-0.12902920
0.07788720
-0.23411553
-0.09705169
-0.06179594
0.15245043
-0.31946388
-0.24338965
-0.09888186
-0.01767447
-0.20954691
-0.19115344
-0.10673496
-0.30311492
0.06169156
0.25237456
-0.06292331
-0.17471026
0.07876673
-0.14911853
-0.05220608
-0.23680012
-0.10960037
-0.04431191
-0.22126554
-0.28286526
0.10497013
0.04727168
-0.18686111
0.04666289
-0.33176503
0.06466050
-0.09256139
-0.13511971
-0.05322639
0.04118152
-0.05913162
-0.16562679
-0.19620065
0.09790742
-0.13123360
-0.05376254
-0.07723568
0.00701567
0.00190087
-0.25146541
-0.00405033
-0.26151076
-0.14007953
-0.00665360
0.00106733
0.02231079
-0.01206243
-0.28035104
-0.14063513
-0.23711808
-0.10290797
-0.20551826
-0.04086510
-0.09153034
-0.16730744
-0.11701403
0.05800569
0.01711851
0.04931495
-0.27928883
-0.07119920
-0.38605964
-0.24446340
0.03725948
0.16145118
-0.02263799
-0.14579500
-0.01011914
0.02339781
-0.07593229
0.00734018
0.07264681
-0.04241787
0.13269109
-0.12390798
-0.08551262
0.09651019
0.03359226
-0.08359985
0.05470195
0.09359927
0.06969188
0.02500847
0.20506157
-0.08288085
0.03958371
-0.01734997
0.18125768
0.13864623
-0.18493207
-0.09082046
0.12160902
-0.08931492
0.02378346
-0.07928245
0.01043651
-0.10513273
0.02849316
-0.00938256
0.08322653
-0.12330092
0.03701218
0.17883086
0.02750387
0.08303530
-0.15851514
0.17796269
0.01193783
-0.09345409
-0.04078682
0.06409830
0.10095552
-0.10674568
0.14032784
0.20201552
-0.20727129
-0.13850613
0.00951495
-0.02896655
0.02036728
-0.07600669
0.01137073
-0.13031930
-0.16966014
0.12221400
0.11173699
0.07152101
0.05911621
-0.03253569
-0.15371442
-0.01366004
-0.08116695
0.07144216
-0.09650633
0.22500913
-0.00834150
-0.06372783
0.12296859
-0.00070927
0.13745594
-0.16475478
-0.03072873
-0.02283579
0.08803774
0.07151546
-0.06159975
0.03265742
0.15076153
0.03309871
0.16544265
-0.01812318
-0.16024680
0.12122770
0.01891023
0.11425572
-0.05407989
0.08529901
0.18965726
-0.23134704
0.06200101
0.10883100
0.15074214
0.16173667
0.00177782
-0.20151770
-0.38565594
0.06092652
-0.10097561
-0.31028190
-0.16515435
-0.03423230
-0.09686419
-0.10789675
-0.23605329
-0.27566928
-0.43117684
-0.08638099
0.03672755
-0.13844270
-0.57049400
-0.48668551
0.07993247
-0.02162910
0.09914594
-0.61014432
-0.00224772
-0.32907432
-0.28248331
-0.39669988
-0.27948549
-0.11043521
-0.18287840
-0.25041270
-0.39844650
-0.14630720
-0.32156491
0.03546686
-0.40823939
-0.05496893
-0.13420859
-0.05947146
-0.07392465
-0.00243931
-0.29181698
-0.06122350
-0.05177222
-0.64910400
-0.47305000
-0.11196712
0.05755369
-0.16486156
-0.23165059
-0.61441499
-0.04383310
-0.37153807
-0.60044086
0.18422174
0.06719338
0.05842436
-0.30252743
-0.26969174
0.09885031
-0.39300594
-0.15400711
-0.47346875
-0.26227769
-0.22120281
-0.29386234
-0.00815167
-0.38917503
-0.40532434
-0.13765249
0.03353413
-0.03612532
-0.10784658
-0.51724321
-0.14370929
-0.43222529
-0.21958615
-0.27804813
-0.14992361
0.02897815
-0.47352049
-0.27178025
-0.38236156
0.04599735
0.02353483
-0.52573705
-0.03761638
-0.48309970
-0.51049322
0.05973763
0.08329971
-0.04059819
-0.17522235
-0.00604647
0.27776039
