-0.23115218
-0.33101884
-0.37691656
0.08268870
0.01650115
-0.15230823
0.03470601
-0.03589795
-0.09101893
-0.26793772
-0.08445791
-0.18905531
-0.44261509
-0.05840406
-0.01998646
-0.28755662
-0.48406610
-0.60776329
0.08654949
-0.02604183
-0.04807753
-0.52959412
-0.17127132
-0.30772284
-0.19442008
-0.31851634
-0.48876905
-0.20977521
-0.09235641
-0.41046852
-0.37007263
0.00367902
-0.24683011
0.10443117
-0.50871354
-0.03185257
-0.15186591
0.04676247
-0.04854140
0.09093495
-0.32515058
0.01308067
-0.15324426
-0.58199674
-0.34542766
0.02267545
0.04673256
-0.34664536
-0.21831079
-0.63775897
-0.05663959
-0.21579911
-0.60752332
0.06444009
0.08218147
0.02560153
-0.23806354
-0.39908832
0.07235090
-0.44512856
-0.34600037
-0.32746413
-0.27622983
-0.13545121
-0.34995779
0.12640429
-0.48730236
-0.34919313
-0.12241957
-0.02694951
0.06798179
-0.04013469
-0.48121169
0.02287130
-0.54589480
-0.23723221
-0.25199133
-0.23442933
-0.04895945
-0.63828129
-0.23339580
-0.51379871
-0.04373145
-0.01032074
-0.53834331
-0.05684161
-0.58739829
-0.53403175
0.07195721
0.10800717
-0.23276924
-0.23480739
-0.10772458
0.28357604
-0.07061674
-0.20349859
-0.19383773
-0.02396372
0.05373632
-0.11595910
0.28262272
0.02308152
-0.14057490
-0.05144011
-0.06213643
-0.15707144
-0.15458880
-0.08526560
0.10506447
-0.21641545
-0.28709978
-0.24152380
-0.08679902
-0.06003799
0.12088396
-0.33045220
-0.06164500
-0.20738800
0.12372098
-0.30577755
-0.21560760
-0.14682928
-0.13055883
-0.07798622
-0.33911878
0.00023380
-0.34041041
0.08335260
0.16583055
-0.00662084
-0.14812399
-0.00494111
-0.09196420
-0.00688862
-0.09408475
0.00674260
-0.12865143
-0.22974519
-0.20285119
-0.00406636
0.10532896
-0.10390567
-0.00260221
-0.36429638
0.12937632
-0.12139795
-0.17458591
-0.10911882
-0.09030460
-0.02261388
-0.08725485
-0.06824924
0.01322957
-0.12758608
-0.10675890
-0.14313689
0.03360281
-0.18139774
-0.15815742
0.10308163
-0.20169203
-0.17915061
-0.07284291
-0.12065176
0.08830287
-0.09470169
-0.33769080
-0.14060111
-0.30230731
-0.05594664
-0.19437784
-0.10892810
-0.15630503
-0.26150361
-0.10378782
-0.00622198
0.01403722
-0.01325998
-0.23143440
-0.01277337
-0.32646918
-0.34075424
0.08945911
0.14311245
-0.04956836
-0.12834759
-0.00399911
0.03079260
0.00933422
0.09384331
0.01880482
-0.15470594
0.15683243
-0.05926581
-0.11866772
0.18059406
0.09830556
-0.03364943
0.10353781
0.10396567
0.00357411
0.19182444
0.07320578
-0.01291403
0.01803221
-0.06536349
0.19087221
0.03430218
-0.20931870
0.06076828
0.06798238
-0.10117021
-0.09711237
-0.00487338
0.00175306
-0.06970357
0.08501908
0.15930849
0.08709528
-0.06720466
0.02825517
0.09336384
0.00280217
0.14578724
0.00938137
0.18945071
0.10338401
-0.18276963
0.12023468
0.16133130
0.08727630
0.07400778
-0.04879288
0.17168048
-0.21012430
0.02886694
-0.13555032
0.02264264
0.08040048
-0.06880687
0.02537901
-0.07132923
-0.07650070
0.17885065
0.02226357
-0.04820247
0.13832141
0.00129479
0.00595779
-0.06874217
0.10284580
0.07903770
0.02044911
0.10330109
0.09888615
-0.07176875
0.10944604
-0.11339359
0.16806769
-0.04692199
-0.05033959
-0.15373971
-0.01976065
0.09008732
-0.08800404
0.15264592
0.00676522
0.01798133
-0.00876585
0.05377534
-0.12257561
0.21216604
0.00356074
0.06670925
-0.00161318
0.05099931
0.10867976
-0.18852562
0.02901144
0.07555184
0.16216153
0.05355122
0.06147075
-0.34770286
-0.35964659
0.10586611
0.01021123
-0.28538862
-0.08469686
-0.02260463
-0.05038885
-0.13695809
-0.15974092
-0.16418546
-0.43137750
0.04342353
0.10631352
-0.33186272
-0.57524598
-0.57500899
-0.02117372
0.05294193
-0.00832541
-0.50224221
-0.15636379
-0.25189522
-0.41348886
-0.27435485
-0.36154220
-0.15776980
-0.15664573
-0.21735692
-0.45155144
-0.16849308
-0.28715062
-0.09030328
-0.29296476
0.01386594
-0.22945438
-0.02384496
-0.07801144
-0.04924821
-0.35990471
-0.07187469
-0.10686094
-0.61525142
-0.31186116
0.04120000
0.01270781
-0.34082678
-0.26806355
-0.66466606
-0.02559349
-0.31974092
-0.45871490
0.10578816
0.02863157
-0.06719177
-0.11854127
-0.38017315
0.07599676
-0.39293003
-0.15689728
-0.34677163
-0.24065578
-0.09468953
-0.28212759
0.07016625
-0.46779919
-0.28589618
-0.11288176
-0.02777278
-0.06445582
-0.11411384
-0.43570027
0.03099572
-0.48223051
-0.07381485
-0.17419536
-0.08404061
-0.10078402
-0.56545341
-0.13378215
-0.50950807
-0.01444670
0.04967592
-0.66036069
-0.19470035
-0.51978868
-0.42854354
0.05931335
0.04455966
-0.13029353
-0.10746972
-0.11771629
0.22278669
