-0.02435892
-0.01642664
0.02625690
-0.05379018
0.16116267
-0.03688728
-0.41851699
0.04526207
0.02766941
-0.05266522
0.01632889
0.06188066
0.02068228
0.08093967
0.04669036
-0.01173495
0.00246341
-0.00715794
0.06494933
0.03555142
-0.11000564
-0.00858069
0.03093863
-0.03389840
-0.08591120
-0.01907924
0.02093306
-0.04670315
0.02433702
0.01796857
0.01489468
-0.10456554
-0.05415749
0.09480161
-0.00084938
0.07539077
-0.07566559
0.03122626
0.07277865
-0.06002848
0.01326163
0.03344181
0.08820305
-0.01310508
0.00770602
0.17031821
-0.16373357
-0.01607287
-0.12672270
-0.01401749
-0.00925059
-0.02187616
0.00612205
0.00651795
-0.07278091
0.15873553
-0.02844191
-0.00603438
0.03632544
-0.00669628
-0.01548150
0.01232026
0.00181364
0.07875367
-0.00062534
0.11988296
0.01937457
-0.02405108
-0.00582687
0.05995589
0.11419202
-0.04193680
-0.03790860
-0.04733488
0.00622321
0.05184455
0.12511037
0.03295884
0.01962255
0.02080934
0.09638888
-0.00193012
-0.06880199
0.10507544
0.00378451
0.03521586
-0.03241659
0.03257955
0.09488477
-0.14393380
0.07194662
0.04640560
0.09581223
0.01980441
