-0.01399798
-0.00543380
0.00780710
-0.02569865
0.06842264
-0.01064122
-0.14549867
0.02062996
0.01142216
-0.02232448
0.00669900
0.01932293
0.00370441
0.03377169
0.02464400
-0.00503610
0.00047981
-0.00139229
0.03565916
0.01386221
-0.05862848
-0.00188713
0.01523086
-0.01184278
-0.01839579
-0.00761415
0.00474080
-0.01643047
0.00901974
0.00561411
0.00358885
-0.03268828
-0.02527704
0.04305224
-0.00027486
0.03335591
-0.02383032
0.01548629
0.02840834
-0.02858528
0.00339178
0.01327696
0.03368603
-0.00246678
0.00202260
0.07050629
-0.07585857
-0.00533859
-0.04499413
-0.00294173
-0.00483157
-0.00669368
0.00170089
0.00390586
-0.03150616
0.07868132
-0.00957834
-0.00183828
0.01733555
-0.00187662
-0.00670643
0.00292954
0.00061033
0.03345849
-0.00021581
0.05409801
0.00565612
-0.00823039
-0.00248352
0.02851223
0.04731097
-0.01858783
-0.00698620
-0.01902815
0.00150122
0.01960731
0.07631639
0.01603599
0.00803466
0.00396001
0.02307174
-0.00063868
-0.03307286
0.04991249
0.00087890
0.01333507
-0.00516162
0.00715038
0.04587560
-0.06793290
0.02842599
0.01284945
0.03958302
0.00868288
