-0.0243589207
-0.0164266436
0.0262569004
-0.0537901825
0.1611626727
-0.0368872781
-0.4185169941
0.0452620705
0.0276694108
-0.0526652189
0.0163288851
0.0618806556
0.0206822815
0.0809396713
0.0466903552
-0.0117349481
0.0024634134
-0.0071579417
0.0649493322
0.0355514207
-0.1100056411
-0.0085806922
0.0309386278
-0.0338983971
-0.0859112018
-0.0190792387
0.0209330594
-0.0467031546
0.0243370198
0.0179685700
0.0148946806
-0.1045655432
-0.0541574912
0.0948016139
-0.0008493786
0.0753907700
-0.0756655862
0.0312262588
0.0727786472
-0.0600284807
0.0132616328
0.0334418077
0.0882030457
-0.0131050777
0.0077060240
0.1703182071
-0.1637335693
-0.0160728672
-0.1267227009
-0.0140174939
-0.0092505926
-0.0218761550
0.0061220512
0.0065179520
-0.0727809145
0.1587355306
-0.0284419125
-0.0060343783
0.0363254443
-0.0066962813
-0.0154815010
0.0123202592
0.0018136358
0.0787536749
-0.0006253383
0.1198829588
0.0193745689
-0.0240510769
-0.0058268704
0.0599558874
0.1141920177
-0.0419368045
-0.0379086015
-0.0473348772
0.0062232144
0.0518445480
0.1251103706
0.0329588390
0.0196225472
0.0208093436
0.0963888831
-0.0019301197
-0.0688019934
0.1050754423
0.0037845066
0.0352158620
-0.0324165872
0.0325795545
0.0948847656
-0.1439338039
0.0719466226
0.0464056013
0.0958122334
0.0198044109
