-0.06659807
0.10118349
0.09145164
-0.19712381
0.28952351
-0.18317381
-0.20418034
0.27710426
0.13189782
-0.11724928
0.15823975
0.19756494
0.07326598
0.21683291
0.27826735
-0.09579489
0.05761592
-0.08271345
0.37212989
0.17294841
-0.39425075
-0.03005218
0.18959139
-0.19048513
-0.07332891
-0.08415582
0.01218957
-0.17483631
0.11351225
0.14992593
0.17032181
-0.19050558
0.06526735
0.27219468
0.03030604
0.22882253
-0.14913377
0.36741340
0.11532184
-0.27622372
0.07944786
0.22542959
0.18823183
-0.03273790
0.09153496
0.37369600
-0.41739559
-0.10963919
-0.12603538
-0.00632391
0.10076776
-0.14481357
0.03674974
-0.20164853
-0.24616084
0.30106467
0.13400057
0.02331854
0.19743761
-0.03124089
-0.14775664
-0.08240221
0.02167885
0.15047987
-0.07605723
0.32831022
0.09054466
-0.13549659
0.23241463
-0.11410286
0.30552363
-0.21167676
-0.08106832
-0.17657550
0.06827710
0.16160277
-0.14960378
0.18530333
0.15752675
0.05108004
0.15667680
0.03565216
-0.28282243
0.33339375
0.02247098
0.18096498
-0.05569306
0.13629831
0.29833701
-0.41987264
0.09101246
0.18438284
0.31290367
0.21528788
