-0.07593229
0.00734018
0.07264681
-0.04241787
0.13269109
-0.12390798
-0.08551262
0.09651019
0.03359226
-0.08359985
0.05470195
0.09359927
0.06969188
0.02500847
0.20506157
-0.08288085
0.03958371
-0.01734997
0.18125768
0.13864623
-0.18493207
-0.09082046
0.12160902
-0.08931492
0.02378346
-0.07928245
0.01043651
-0.10513273
0.02849316
-0.00938256
0.08322653
-0.12330092
0.03701218
0.17883086
0.02750387
0.08303530
-0.15851514
0.17796269
0.01193783
-0.09345409
-0.04078682
0.06409830
0.10095552
-0.10674568
0.14032784
0.20201552
-0.20727129
-0.13850613
0.00951495
-0.02896655
0.02036728
-0.07600669
0.01137073
-0.13031930
-0.16966014
0.12221400
0.11173699
0.07152101
0.05911621
-0.03253569
-0.15371442
-0.01366004
-0.08116695
0.07144216
-0.09650633
0.22500913
-0.00834150
-0.06372783
0.12296859
-0.00070927
0.13745594
-0.16475478
-0.03072873
-0.02283579
0.08803774
0.07151546
-0.06159975
0.03265742
0.15076153
0.03309871
0.16544265
-0.01812318
-0.16024680
0.12122770
0.01891023
0.11425572
-0.05407989
0.08529901
0.18965726
-0.23134704
0.06200101
0.10883100
0.15074214
0.16173667
