0.00933422
0.09384331
0.01880482
-0.15470594
0.15683243
-0.05926581
-0.11866772
0.18059406
0.09830556
-0.03364943
0.10353781
0.10396567
0.00357411
0.19182444
0.07320578
-0.01291403
0.01803221
-0.06536349
0.19087221
0.03430218
-0.20931870
0.06076828
0.06798238
-0.10117021
-0.09711237
-0.00487338
0.00175306
-0.06970357
0.08501908
0.15930849
0.08709528
-0.06720466
0.02825517
0.09336384
0.00280217
0.14578724
0.00938137
0.18945071
0.10338401
-0.18276963
0.12023468
0.16133130
0.08727630
0.07400778
-0.04879288
0.17168048
-0.21012430
0.02886694
-0.13555032
0.02264264
0.08040048
-0.06880687
0.02537901
-0.07132923
-0.07650070
0.17885065
0.02226357
-0.04820247
0.13832141
0.00129479
0.00595779
-0.06874217
0.10284580
0.07903770
0.02044911
0.10330109
0.09888615
-0.07176875
0.10944604
-0.11339359
0.16806769
-0.04692199
-0.05033959
-0.15373971
-0.01976065
0.09008732
-0.08800404
0.15264592
0.00676522
0.01798133
-0.00876585
0.05377534
-0.12257561
0.21216604
0.00356074
0.06670925
-0.00161318
0.05099931
0.10867976
-0.18852562
0.02901144
0.07555184
0.16216153
0.05355122
