-0.41843602
-0.72123337
-0.64446300
0.14666912
0.02942680
-0.46108377
0.00264409
0.05991229
-0.12818801
-0.37678298
-0.26678368
-0.39155459
-1.00034046
-0.09479853
-0.05358519
-0.50814188
-1.08457816
-1.08703804
0.11724432
-0.08130841
0.05903008
-1.14555514
-0.15996458
-0.59025288
-0.24701689
-0.64670187
-0.89557612
-0.28229117
-0.14467053
-0.80379629
-0.75363231
-0.08037789
-0.45218810
0.10409929
-1.15967083
-0.06877788
-0.36385638
0.08805223
-0.13485911
0.11068008
-0.52949846
-0.06593167
-0.28338733
-1.21413565
-0.66058505
0.01028166
0.12035486
-0.68413115
-0.27130595
-1.21814823
-0.06452527
-0.52076238
-1.24801087
0.15160936
0.21228515
0.03131987
-0.38359827
-0.75224441
0.01594340
-0.79994315
-0.57530284
-0.76699531
-0.49711868
-0.29180330
-0.74083054
0.15798573
-0.90205705
-0.79892355
-0.14691505
-0.15367757
0.08148867
-0.04909325
-0.99611545
-0.09539656
-1.12354159
-0.48116335
-0.36154783
-0.34504437
-0.09444137
-1.26492381
-0.50834423
-1.07192779
-0.13059378
-0.05003690
-1.22872496
-0.13253075
-0.99270535
-1.06180573
0.19742247
0.15787798
-0.40232220
-0.43496972
-0.14937124
0.70431352
