-0.18728384
-0.39021456
-0.26754645
0.06398042
0.01292566
-0.30877554
-0.03206192
0.09581024
-0.03716908
-0.10884526
-0.18232578
-0.20249927
-0.55772537
-0.03639447
-0.03359873
-0.22058523
-0.60051203
-0.47927478
0.03069482
-0.05526658
0.10710761
-0.61596102
0.01130675
-0.28253004
-0.05259681
-0.32818553
-0.40680709
-0.07251596
-0.05231411
-0.39332774
-0.38355964
-0.08405691
-0.20535800
-0.00033188
-0.65095735
-0.03692531
-0.21199048
0.04128975
-0.08631772
0.01974512
-0.20434791
-0.07901234
-0.13014308
-0.63213897
-0.31515741
-0.01239379
0.07362230
-0.33748576
-0.05299516
-0.58038920
-0.00788568
-0.30496329
-0.64048749
0.08716927
0.13010368
0.00571834
-0.14553471
-0.35315609
-0.05640749
-0.35481459
-0.22930250
-0.43953115
-0.22088885
-0.15635209
-0.39087275
0.03158145
-0.41475466
-0.44973043
-0.02449548
-0.12672806
0.01350688
-0.00895857
-0.51490372
-0.11826786
-0.57764673
-0.24393114
-0.10955648
-0.11061504
-0.04548192
-0.62664258
-0.27494845
-0.55812907
-0.08686232
-0.03971616
-0.69038159
-0.07568914
-0.40530708
-0.52777404
0.12546526
0.04987080
-0.16955297
-0.20016234
-0.04164665
0.42073750
