-0.23115218
-0.33101884
-0.37691656
0.08268870
0.01650115
-0.15230823
0.03470601
-0.03589795
-0.09101893
-0.26793772
-0.08445791
-0.18905531
-0.44261509
-0.05840406
-0.01998646
-0.28755662
-0.48406610
-0.60776329
0.08654949
-0.02604183
-0.04807753
-0.52959412
-0.17127132
-0.30772284
-0.19442008
-0.31851634
-0.48876905
-0.20977521
-0.09235641
-0.41046852
-0.37007263
0.00367902
-0.24683011
0.10443117
-0.50871354
-0.03185257
-0.15186591
0.04676247
-0.04854140
0.09093495
-0.32515058
0.01308067
-0.15324426
-0.58199674
-0.34542766
0.02267545
0.04673256
-0.34664536
-0.21831079
-0.63775897
-0.05663959
-0.21579911
-0.60752332
0.06444009
0.08218147
0.02560153
-0.23806354
-0.39908832
0.07235090
-0.44512856
-0.34600037
-0.32746413
-0.27622983
-0.13545121
-0.34995779
0.12640429
-0.48730236
-0.34919313
-0.12241957
-0.02694951
0.06798179
-0.04013469
-0.48121169
0.02287130
-0.54589480
-0.23723221
-0.25199133
-0.23442933
-0.04895945
-0.63828129
-0.23339580
-0.51379871
-0.04373145
-0.01032074
-0.53834331
-0.05684161
-0.58739829
-0.53403175
0.07195721
0.10800717
-0.23276924
-0.23480739
-0.10772458
0.28357604
