0.06324857
-0.54922056
-0.74530256
0.16679263
-0.09076438
-0.59567052
-0.24985121
-0.05683693
-0.14725304
-0.24485484
-0.39579421
-0.43985474
-0.86255431
-0.04295746
0.14304107
-0.47030541
-1.14574003
-1.06169450
0.05875875
0.03131282
0.09082053
-1.11238647
-0.15861151
-0.58096957
-0.69597220
-0.67105472
-0.64102769
-0.26820502
-0.33952415
-0.46776962
-0.84999794
-0.31480026
-0.60871553
-0.05483641
-0.70120418
-0.04110298
-0.36366296
-0.08331642
-0.15193608
-0.05168752
-0.65172172
-0.13309820
-0.15863316
-1.26435542
-0.78491116
-0.07076713
0.07026150
-0.50568831
-0.49971414
-1.27908111
-0.06942659
-0.69127899
-1.05915570
0.29000992
0.09582495
-0.00876741
-0.42106870
-0.64986491
0.17484707
-0.78593600
-0.31090438
-0.82024038
-0.50293350
-0.31589234
-0.57598996
0.06201458
-0.85697424
-0.69122052
-0.25053424
0.00576135
-0.10058115
-0.22196043
-0.95294344
-0.11271356
-0.91445577
-0.29340100
-0.45224351
-0.23396422
-0.07180587
-1.03897393
-0.40556240
-0.89186966
0.03155065
0.07321075
-1.18609774
-0.23231673
-1.00288844
-0.93903673
0.11905098
0.12785937
-0.17089173
-0.28269207
-0.12376276
0.50054705
