0.00177782
-0.20151770
-0.38565594
0.06092652
-0.10097561
-0.31028190
-0.16515435
-0.03423230
-0.09686419
-0.10789675
-0.23605329
-0.27566928
-0.43117684
-0.08638099
0.03672755
-0.13844270
-0.57049400
-0.48668551
0.07993247
-0.02162910
0.09914594
-0.61014432
-0.00224772
-0.32907432
-0.28248331
-0.39669988
-0.27948549
-0.11043521
-0.18287840
-0.25041270
-0.39844650
-0.14630720
-0.32156491
0.03546686
-0.40823939
-0.05496893
-0.13420859
-0.05947146
-0.07392465
-0.00243931
-0.29181698
-0.06122350
-0.05177222
-0.64910400
-0.47305000
-0.11196712
0.05755369
-0.16486156
-0.23165059
-0.61441499
-0.04383310
-0.37153807
-0.60044086
0.18422174
0.06719338
0.05842436
-0.30252743
-0.26969174
0.09885031
-0.39300594
-0.15400711
-0.47346875
-0.26227769
-0.22120281
-0.29386234
-0.00815167
-0.38917503
-0.40532434
-0.13765249
0.03353413
-0.03612532
-0.10784658
-0.51724321
-0.14370929
-0.43222529
-0.21958615
-0.27804813
-0.14992361
0.02897815
-0.47352049
-0.27178025
-0.38236156
0.04599735
0.02353483
-0.52573705
-0.03761638
-0.48309970
-0.51049322
0.05973763
0.08329971
-0.04059819
-0.17522235
-0.00604647
0.27776039
