0.06147075
-0.34770286
-0.35964659
0.10586611
0.01021123
-0.28538862
-0.08469686
-0.02260463
-0.05038885
-0.13695809
-0.15974092
-0.16418546
-0.43137750
0.04342353
0.10631352
-0.33186272
-0.57524598
-0.57500899
-0.02117372
0.05294193
-0.00832541
-0.50224221
-0.15636379
-0.25189522
-0.41348886
-0.27435485
-0.36154220
-0.15776980
-0.15664573
-0.21735692
-0.45155144
-0.16849308
-0.28715062
-0.09030328
-0.29296476
0.01386594
-0.22945438
-0.02384496
-0.07801144
-0.04924821
-0.35990471
-0.07187469
-0.10686094
-0.61525142
-0.31186116
0.04120000
0.01270781
-0.34082678
-0.26806355
-0.66466606
-0.02559349
-0.31974092
-0.45871490
0.10578816
0.02863157
-0.06719177
-0.11854127
-0.38017315
0.07599676
-0.39293003
-0.15689728
-0.34677163
-0.24065578
-0.09468953
-0.28212759
0.07016625
-0.46779919
-0.28589618
-0.11288176
-0.02777278
-0.06445582
-0.11411384
-0.43570027
0.03099572
-0.48223051
-0.07381485
-0.17419536
-0.08404061
-0.10078402
-0.56545341
-0.13378215
-0.50950807
-0.01444670
0.04967592
-0.66036069
-0.19470035
-0.51978868
-0.42854354
0.05931335
0.04455966
-0.13029353
-0.10746972
-0.11771629
0.22278669
