0.1781375352
0.0279830137
-0.0033198601
0.1449479827
0.2771719915
-0.0096550195
-0.0880179523
-0.0926229032
0.0090587646
0.0598320505
-0.0109894738
-0.0715065491
-0.0039329089
-0.0245661143
-0.1206018425
0.0316010865
-0.0078427560
-0.0303092323
0.1624076944
0.0155305377
-0.2183007721
-0.0139133192
0.2848229085
0.0057901484
-0.0854591974
-0.0036591766
0.0222644256
-0.0287451754
0.1063020013
-0.0718659020
0.0103438225
-0.0273662169
0.0278348709
-0.0640417010
0.1910572121
0.0691201112
-0.0901815879
0.0096728524
0.0322930602
0.0355064020
0.0349967907
0.0322941958
-0.0412927175
-0.0370827884
-0.0643226880
0.4867320534
-0.1441888229
-0.0311910578
-0.5859363284
0.0425754130
-0.1818396343
0.0423828891
0.0251100844
0.1652216539
0.0615984605
0.0570102705
-0.0144628952
-0.0833771067
-0.1728231673
-0.0017706228
-0.0125770132
-0.1063438550
0.0462163907
0.2754238951
0.0051904614
0.0882010698
-0.0045730703
0.0339999396
0.0309957129
0.0369658411
0.1472297379
-0.0277021956
-0.0378466094
-0.1087036300
0.0307950925
-0.0322550439
-0.4388590728
0.0030373848
0.0891929199
0.0079751248
-0.0326949756
-0.0155932199
0.1220679513
-0.1407019312
0.0255496072
0.0577986702
-0.0807128192
0.0080898142
0.0284461497
-0.0744484509
-0.0301718708
-0.0227462597
0.0435348499
-0.5368140063
