0.2291502262
0.0636744402
-0.0854816133
0.2710484426
0.0024555080
-0.0371541439
-0.1659797322
-0.1234694478
-0.1354418281
0.1412212477
-0.0681365523
-0.1212334526
0.0500425414
-0.0459629181
-0.0378404018
0.2850048380
-0.0332912645
-0.1442244111
0.2384556962
-0.1401568474
-0.0490048747
-0.0257556200
0.1905980229
0.1133861509
-0.2229899998
-0.0053656363
0.1687375434
-0.0948167904
0.0792841169
-0.0947993125
0.0461869741
0.0364115840
0.1078890579
-0.0294604245
0.6195257924
0.0631280783
-0.2693230066
0.0046313053
0.1247352423
-0.0622304455
0.0893806956
0.0073098254
-0.0706336728
-0.0763896133
-0.0858083199
0.3263873910
-0.0988976322
-0.2204374017
-0.4213453082
0.0569102342
-0.1634979066
0.1416785498
-0.0025510817
0.2453929197
0.0736380948
0.1729209643
-0.0680103875
-0.1630273650
-0.1077562426
-0.0695073416
-0.0778943527
-0.1121296397
-0.0986610428
0.2947332798
0.0323190753
0.1516858739
-0.0459569176
0.0917842891
0.0725126340
0.0196240163
0.0394487581
-0.0096076481
-0.0816731484
-0.0122949219
0.1435540099
-0.0326977550
-0.2953009155
-0.2661429590
0.0432934411
0.1489699986
-0.2171756769
-0.0887083883
0.0272162986
0.0214265478
0.0334194237
0.1526355028
-0.0366849149
0.0448200988
-0.0562494498
-0.1333239577
-0.1468820058
-0.1204182531
0.0833171019
-0.4110067922
