0.2668164693
0.3425861664
-0.0732977239
0.3225479874
0.4504064446
-0.0207264750
-0.4922629253
-0.2233744381
0.0383157509
0.2295649235
-0.0464018233
-0.2439088620
-0.4938969585
-0.0553732181
-0.1978809164
0.3509780458
-0.0588991900
-0.0686813371
0.3142612327
0.0719094335
-0.3790089793
-0.0225841041
0.4503731115
0.4485840255
-0.4191500773
-0.0044236474
0.2001453949
-0.0721950756
0.2493255899
-0.1308073972
0.0403365002
-0.0898130279
0.0812408221
-0.1450168371
1.5765275928
0.2803575876
-0.6006191253
0.0353138600
0.0839937565
0.1039072520
0.0571919054
0.1628979700
-0.2036384960
-0.1131258609
-0.2039578317
1.0749654041
-0.4888776983
-0.2589211789
-0.8792792058
0.0767228730
-0.5299794039
0.3609901100
0.0557080930
0.2766655090
0.1686634126
0.0802715653
-0.0941317886
-0.5048329633
-0.3271676629
-0.1121897080
-0.1034969543
-0.2608218873
0.5709910696
0.5121304182
0.0103874354
0.1242956743
-0.0742559898
0.2102731891
0.1874623887
0.0907482125
0.3538212481
-0.1021672058
-0.0798034412
-0.3587585789
0.1246405729
-0.0734940331
-0.7906031192
0.0038649348
0.3235908958
0.4678689750
-0.3655733955
-0.0345445084
0.1899963062
-0.3455592814
0.0349478868
0.2377603709
-0.4563053937
0.0469564098
0.0813676845
-0.1253841094
-0.2463410499
-0.0449954461
0.0773794144
-0.7045793082
