0.1192689889
0.0140812066
-0.0174002091
0.1275107484
0.0011848361
-0.0141636692
-0.0462206823
-0.0519957980
-0.0468539277
0.0410276468
-0.0205257160
-0.0498626277
0.0051452424
-0.0241257465
-0.0197631947
0.0668866392
-0.0099016144
-0.0422107662
0.1025213686
-0.0397561927
-0.0251876736
-0.0080167264
0.0792900934
0.0246815553
-0.1072004697
-0.0027173860
0.0393976087
-0.0441823735
0.0373694468
-0.0326485767
0.0125220703
0.0114544684
0.0281309544
-0.0125017610
0.1901051905
0.0203559586
-0.0842051470
0.0014439145
0.0520858436
-0.0187512066
0.0346605439
0.0020721750
-0.0240138307
-0.0199492916
-0.0329233289
0.1278203139
-0.0476565575
-0.0694982179
-0.2697140307
0.0221982774
-0.0800255207
0.0416134897
-0.0008079904
0.1408278101
0.0348678124
0.1027745023
-0.0097493778
-0.0332515048
-0.0415327310
-0.0095412389
-0.0292116949
-0.0363818047
-0.0217144744
0.1520075107
0.0118665756
0.0874446080
-0.0085490837
0.0327731666
0.0200751186
0.0108386451
0.0167368119
-0.0031592370
-0.0377660854
-0.0040618588
0.0345708846
-0.0110953298
-0.1476716245
-0.1461496284
0.0172097420
0.0158189576
-0.0579635496
-0.0212646630
0.0145334251
0.0084288558
0.0133853835
0.0543739492
-0.0097497123
0.0158552705
-0.0279982212
-0.0607200111
-0.0539775392
-0.0519238394
0.0386468248
-0.2553491920
